Window 0
0.00  1.00
1.00  0.00
===========================
Window 1
0.00  1.00
1.00  0.00
===========================
Window 2
0.00  1.00
1.00  0.00
===========================
Window 3
0.00  1.00
1.00  0.00
===========================
Window 4
0.00  1.00
1.00  0.00
===========================
Window 5
0.00  1.00
1.00  0.00
===========================
Window 6
0.00  1.00
1.00  0.00
===========================
Window 7
0.00  1.00
1.00  0.00
===========================
Window 8
0.00  1.00
1.00  0.00
===========================
Window 9
0.00  1.00
1.00  0.00
===========================
precisions array: 1.0 1.0 1.0 1.0 1.0 1.0 1.0 1.0 1.0 1.0 
recalls array: 1.0 1.0 1.0 1.0 1.0 1.0 1.0 1.0 1.0 1.0 
F1 array: 1.0 1.0 1.0 1.0 1.0 1.0 1.0 1.0 1.0 1.0 
Dataset is GAS
Precision: 1.0
Recall: 1.0
F1: 1.0