Window 0
12742
45648
77872
96633
17508
11446
10462
96639
40850
34760
27117
40715
26334
96613
61637
12892
3811
51958
98138
70376
40701
70669
52063
17517
12914
17550
96677
3805
17494
52054
51846
44102
53460
13221
76690
18907
96555
17495
10398
40183
11445
3947
41690
70984
50513
1042
70634
93720
11294
53499
93712
96636
19789
70380
40599
94867
12744
40605
941
53495
1044
10463
17509
73554
460
76216
45655
92231
40644
3804
27040
70630
59338
95218
40688
49995
98144
3943
17507
70626
19734
31729
92265
10455
11440
3940
18950
81903
19740
80927
14600
93733
76223
51952
51955
81899
76221
98177
35664
53496
31784
37389
50156
93738
52058
12926
70645
53497
96650
45934
91902
17510
92207
3814
80146
12934
92219
81895
18899
70718
31305
40638
12917
96634
17513
51956
53500
39929
53380
61795
93737
45941
80159
98143
96649
18112
70686
13222
70697
17564
81721
26341
76303
96662
52050
91897
52055
50602
11262
52065
10456
8881
1041
29967
34758
40848
52027
41689
76214
70384
34769
92201
51701
94409
12728
39794
71023
18957
96632
10112
81907
98137
98134
60326
95257
71888
93719
12732
11263
95216
45644
40525
52033
70680
67089
81869
19718
18956
95259
35661
51717
37578
40645
97289
91847
40834
3942
9457
12910
81802
12734
60900
51962
19716
31904
81904
39876
3941
96651
53504
91054
45647
4499
91159
81722
96616
70379
3802
52071
19741
52056
61628
49999
12729
95228
51959
91155
78074
8327
40609
40624
12887
98146
92213
19724
91896
35659
96655
13226
94404
76217
51630
52114
40654
86611
3803
51942
12649
51721
37589
60859
12819
45646
10052
95262
34775
96640
76290
50002
92222
70665
18964
52059
91899
81941
96641
18958
52061
51957
41716
31539
12731
40640
91053
77990
41432
13277
92216
96643
51636
80940
12924
96644
51935
93710
52052
52066
12932
70374
70974
20353
51715
70690
12670
81858
1053
13229
7363
73565
11258
96652
50157
96726
76219
6712
92250
940
3008
10375
96630
96631
81928
31902
19722
39882
40551
40641
92234
27130
20971
81902
78059
52060
45564
31900
51720
92225
50526
76220
46063
49974
50512
77887
96611
91138
12739
12826
17516
13219
18955
53454
18800
6710
40596
11426
3820
98167
10401
12726
45935
45651
92253
52046
71943
50009
3945
81723
31548
83714
16804
12653
29941
91977
50005
20386
52044
31721
45939
91905
52062
96642
52029
35648
51724
52037
60851
31728
10392
26331
31560
10452
20242
11255
70687
11259
96671
70385
53370
13605
11423
39940
44353
53503
80113
19876
51722
92266
18948
12929
50012
52057
80929
81493
94408
12920
80785
11253
36899
60609
96668
71937
1051
81901
51964
12683
39705
7362
34765
76222
51939
72094
81898
40664
52064
61592
51945
10464
44345
39795
81972
12915
13264
50524
70671
40615
51858
70972
95261
44356
12680
52042
81896
11254
51949
938
45650
86702
3827
45645
3944
10465
12733
70381
39942
70653
98140
3006
7361
26332
11427
95328
51728
53487
19717
11453
86315
50230
70677
13230
53458
70681
70663
51950
3806
18953
31551
81894
41731
41677
8308
92241
10391
98136
81766
40853
12933
3946
12650
92210
70672
81492
19721
94881
50159
40618
12735
62182
52047
31550
83792
31913
13228
3823
3007
90943
96614
92237
92239
20277
91228
70696
51723
51725
18947
40509
70684
35851
40631
51631
98169
96529
52031
60899
41683
61406
50525
94406
98135
35638
40639
3815
90962
70373
18952
26343
76218
52072
45654
51954
30369
51716
98141
41687
93711
50514
34720
81491
52069
12916
39919
98133
98179
31766
88693
10454
81900
44325
74430
12808
7346
34764
52025
93726
91836
52035
12747
77901
52068
11252
95260
35667
95253
51953
76215
86689
39880
52041
39863
3812
60853
11422
95258
81934
51951
50174
53498
90951
92244
48488
50172
41685
39889
29927
51961
10460
17497
19778
18954
10390
96646
29955
98174
13224
12686
92255
90957
52043
3807
11428
19737
96615
11256
52028
70659
92228
98139
70378
44342
71935
51963
55645
51960
11429
17580
92204
34762
11425
19020
92247
95256
91845
19022
98171
3810
18949
50160
96637
29919
29952
52049
51842
70693
98172
40646
1054
51629
35629
90959
19031
41680
51710
52032
40600
70372
63635
98156
31783
17512
52070
46347
28979
98170
61636
98145
12730
76224
55742
11442
50511
11261
52053
3948
44090
35653
48502
40696
10395
70383
70642
464
92392
17496
91055
41749
70632
35658
45653
92191
11251
3010
11257
11424
29928
45642
12691
93734
91150
53501
96617
21
18960
97998
45942
45600
37575
939
18787
96638
34768
17505
31747
13227
11260
60313
2995
65916
52051
91967
31439
96645
10453
81724
48329
81805
18959
12901
96635
18951
98142
10606
10389
14603
96528
97288
61607
17506
35662
80932
52038
77903
26333
Window 1
12742
45648
77872
96633
17508
11446
10462
96639
40850
34760
27117
40715
26334
96613
61637
12892
51958
98138
70376
40701
70669
52063
17517
12914
17550
96677
17494
52054
51846
44102
96654
53460
13221
76690
18907
96555
17495
10398
40183
11445
41690
70984
50513
70634
93720
11294
53499
93712
96636
19789
70380
40599
94867
12744
40605
53495
10463
17509
73554
76216
45655
92231
40644
27040
70630
59338
95218
40688
49995
98144
17507
70626
19734
31729
92265
10455
11440
18950
81903
19740
80927
14600
93733
76223
51952
51955
81899
76221
98177
35664
53496
31784
37389
53488
50156
93738
52058
12926
70645
53497
96650
45934
91902
17510
92207
96647
80146
12934
92219
81895
18899
70718
31305
40638
12917
96634
17513
51956
53500
39929
53380
61795
93737
45941
80159
98143
96649
18112
70686
13222
70697
17564
81721
26341
76303
96662
52050
91897
52055
50602
11262
52065
10456
8881
29967
34758
40848
52027
41689
76214
70384
34769
92201
51701
94409
12728
39794
71023
18957
96632
10112
81907
34802
98137
98134
60326
95257
71888
93719
12732
11263
95216
45644
40525
52033
70680
67089
81869
19718
18956
95259
35661
51717
37578
40645
97289
91847
40834
9457
12910
81802
34804
12814
12734
60900
51962
19716
31904
81904
39876
96651
53504
91054
45647
91159
81722
96616
70379
52071
19741
52056
61628
49999
12729
95228
51959
91155
78074
8327
40609
40624
12887
98146
92213
26337
19724
91896
35659
96655
13226
94404
76217
51630
52114
40654
86611
51942
12649
51721
60860
37589
60859
12819
45646
10052
95262
34775
96640
76290
50002
92222
70665
18964
52059
91899
81941
60902
17632
96641
18958
52061
51957
41716
31539
12731
40640
91053
77990
41432
13277
92216
96643
51636
80940
12924
96644
51935
93710
52052
53489
52066
12932
70374
70974
20353
51715
96648
70690
12670
81858
13229
7363
73565
11258
96652
50157
96726
76219
26335
6712
92250
10375
96630
96631
81928
31902
19722
39882
40551
40641
92234
27130
20971
81902
78059
52060
45564
31900
51720
92225
50526
76220
46063
49974
50512
77887
96611
91138
12739
12826
17516
13219
18955
53454
18800
6710
40596
11426
98167
10401
12726
45935
45651
92253
52046
71943
50009
81723
31548
83714
16804
12653
29941
91977
50005
20386
52044
31721
45939
91905
52062
96642
52029
35648
51724
52037
60851
31728
10392
26331
31560
10452
20242
11255
70687
11259
96671
70385
53370
13605
11423
39940
44353
53503
80113
19876
51722
92266
18948
12929
50012
52057
80929
81493
94408
12920
80785
11253
36899
60609
96668
71937
81901
51964
12683
39705
7362
34765
76222
51939
72094
81898
40664
52064
61592
51945
10464
44345
39795
81972
12915
13264
50524
70671
40615
13634
51858
70972
95261
44356
12680
52042
81896
11254
51949
45650
86702
45645
10465
12733
70381
39942
70653
98140
7361
26332
11427
95328
51728
53487
19717
11453
86315
50230
70677
13230
53458
70681
70663
51950
26338
18953
31551
81894
41731
41677
8308
92241
10391
98136
81766
40853
12933
85208
12650
92210
70672
81492
19721
94881
50159
40618
12735
62182
52047
31550
83792
31913
13228
90943
96614
92237
92239
20277
91228
70696
51723
51725
18947
40509
70684
35851
40631
51631
98169
96529
52031
60899
41683
61406
50525
94406
98135
35638
40639
90962
70373
18952
26343
76218
52072
45654
51954
30369
51716
98141
41687
93711
50514
34720
81491
52069
12916
39919
98133
98179
31766
88693
10454
81900
44325
74430
12808
7346
34764
52025
93726
91836
52035
12747
77901
52068
11252
95260
35667
95253
51953
76215
86689
39880
52041
39863
60853
11422
95258
81934
51951
50174
53498
90951
92244
48488
50172
41685
39889
29927
51961
10460
17497
19778
18954
10390
96646
29955
98174
41434
13224
12686
92255
90957
52043
11428
19737
96615
11256
52028
70659
92228
98139
70378
44342
71935
51963
55645
51960
11429
17580
60861
92204
34762
11425
19020
92247
95256
91845
26336
19022
98171
18949
50160
96637
29919
29952
40716
52049
51842
70693
98172
40646
51629
35629
90959
19031
41680
51710
52032
40600
70372
63635
98156
31783
17512
52070
46347
28979
98170
61636
98145
12730
76224
55742
11442
50511
11261
52053
44090
35653
41437
48502
40696
10395
70383
70642
92392
17496
91055
41749
70632
35658
45653
92191
11251
11257
11424
29928
45642
12691
93734
91150
53501
96617
18960
97998
45942
45600
37575
18787
96638
34768
17505
31747
13227
11260
60313
65916
52051
91967
31439
96645
10453
81724
48329
81805
18959
12901
96635
18951
98142
10606
10389
14603
96528
97288
61607
17506
35662
80932
52038
77903
26333
Window 2
12742
45648
77872
96633
17508
11446
10462
96639
40850
34760
27117
40715
26334
96613
61637
12892
41697
51958
98138
70376
40701
70669
52063
17517
12914
17550
96677
17494
52054
51846
44102
96654
53460
13221
76690
18907
96555
17495
10398
40183
11445
41690
70984
50513
70634
93720
11294
53499
93712
96636
19789
70380
40599
94867
12744
40605
53495
10463
17509
73554
76216
45655
92231
40644
27040
70630
59338
95218
40688
49995
98144
17507
70626
19734
31729
92265
10455
11440
18950
81903
19740
80927
14600
93733
76223
51952
51955
81899
76221
98177
35664
53496
31784
37389
53488
50156
93738
52058
12926
70645
53497
96650
45934
91902
17510
92207
96647
80146
12934
92219
81895
18899
70718
31305
40638
12917
96634
17513
51956
53500
39929
53380
61795
93737
45941
80159
98143
96649
18112
70686
13222
70697
17564
81721
26341
76303
96662
52050
91897
52055
50602
11262
52065
10456
29967
34758
40848
52027
41689
76214
70384
34769
92201
51701
94409
12728
39794
71023
29929
18957
96632
10112
81907
34802
98137
98134
60326
95257
71888
93719
12732
11263
95216
45644
40525
52033
70680
67089
81869
19718
18956
95259
35661
51717
37578
40645
97289
91847
40834
12910
81802
34804
12814
12734
60900
51962
19716
31904
81904
39876
96651
53504
91054
45647
91159
81722
96616
70379
52071
19741
52056
61628
49999
12729
95228
51959
91155
78074
40609
40624
12887
98146
92213
26337
19724
91896
35659
96655
13226
94404
76217
51630
52114
40654
86611
51942
12649
51721
60860
37589
60859
12819
18111
45646
10052
95262
34775
96640
76290
50002
92222
70665
18964
52059
91899
81941
60902
17632
96641
18958
52061
51957
41716
31539
12731
81816
40640
91053
77990
41432
13277
92216
96643
51636
80940
12924
96644
51935
93710
52052
53489
52066
12932
70374
70974
20353
51715
96648
70690
12670
40610
81858
13229
73565
11258
96652
50157
96726
76219
26335
92250
10375
96630
96631
81928
31902
19722
39882
40551
40641
92234
27130
20971
81902
78059
52060
45564
31900
51720
92225
50526
76220
46063
49974
50512
77887
96611
91138
12739
12826
17516
13219
18955
53454
18800
40596
11426
98167
10401
12726
45935
45651
92253
52046
71943
50009
81723
31548
83714
16804
12653
29941
91977
50005
20386
52044
31721
45939
91905
52062
96642
52029
35648
51724
52037
60851
31728
10392
26331
31560
10452
20242
11255
70687
11259
96671
70385
53370
13605
11423
39940
44353
53503
80113
19876
51722
92266
18948
12929
50012
52057
80929
81493
94408
12920
80785
11253
36899
60609
96668
71937
81901
51964
12683
39705
34765
76222
51939
72094
81898
40664
52064
61592
51945
10464
44345
39795
81972
12915
13264
50524
70671
40615
13634
51858
70972
95261
44356
12680
52042
81896
11254
51949
45650
86702
45645
10465
12733
70381
39942
70653
98140
26332
11427
95328
51728
53487
19717
11453
86315
50230
70677
13230
53458
70681
70663
51950
26338
18953
31551
81894
41731
41677
92241
10391
98136
81766
40853
12933
85208
12650
92210
70672
81492
19721
94881
50159
40618
12735
62182
52047
31550
83792
31913
13228
90943
96614
92237
92239
20277
91228
70696
51723
51725
18947
40509
70684
35851
40631
51631
98169
96529
52031
60899
41683
61406
50525
94406
98135
35638
40639
90962
70373
18952
26343
76218
52072
45654
51954
30369
51716
98141
41687
93711
50514
34720
81491
52069
12916
39919
98133
98179
31766
88693
10454
81900
44325
74430
12808
34764
52025
93726
91836
52035
12747
77901
52068
11252
95260
35667
95253
51953
76215
86689
39880
52041
39863
60853
11422
95258
81934
51951
50174
53498
90951
92244
48488
50172
41685
39889
29927
51961
10460
17497
19778
18954
10390
96646
29955
98174
41434
13224
12686
92255
90957
52043
11428
19737
96615
11256
52028
70659
92228
98139
70378
44342
71935
51963
55645
51960
11429
17580
60861
92204
34762
11425
19020
92247
95256
91845
26336
19022
98171
18949
50160
96637
29919
29952
40716
52049
51842
70693
98172
40646
51629
35629
90959
19031
41680
51710
52032
40600
70372
63635
98156
31783
17512
52070
46347
28979
98170
61636
98145
12730
76224
55742
11442
50511
11261
52053
44090
35653
41437
48502
40696
10395
70383
70642
92392
17496
91055
41749
70632
35658
45653
92191
11251
11257
11424
29928
45642
12691
93734
91150
53501
96617
18960
97998
45942
45600
37575
18787
96638
34768
17505
31747
13227
11260
60313
65916
52051
91967
31439
96645
10453
81724
48329
81805
18959
12901
96635
18951
98142
10606
10389
14603
96528
97288
61607
17506
35662
80932
52038
77903
26333
Window 3
45648
77872
96633
17508
113737
113865
96639
112437
113867
40850
113593
34760
27117
113937
40715
26334
61637
51958
98138
70376
40701
70669
52063
17517
113715
17550
96677
17494
52054
51846
44102
53460
76690
18907
96555
17495
40183
41690
70984
50513
70634
93720
53499
93712
113962
96636
113596
113963
70380
40599
94867
40605
53495
17509
73554
113724
76216
45655
92231
40644
27040
70630
59338
113878
95218
40688
49995
98144
17507
112562
19734
31729
113876
113965
92265
113922
18950
81903
19740
80927
112563
93733
112441
76223
113899
51952
51955
81899
76221
98177
113692
35664
53496
31784
37389
50156
93738
113730
52058
70645
53497
49814
96650
52127
113717
45934
91902
17510
92207
80146
92219
81895
18899
70718
31305
40638
96634
17513
113733
113726
51956
53500
39929
53380
113600
61795
93737
45941
80159
98143
113936
18112
70686
70697
112379
17564
81721
26341
112308
40539
76303
96662
52050
91897
52055
113923
112439
44181
112442
50602
52090
52065
34758
40848
52027
113816
41689
76214
70384
34769
92201
51701
113870
112377
94409
113926
39794
71023
29929
18957
96632
81907
98137
98134
60326
95257
71888
93719
95216
45644
40525
52033
94535
70680
67089
81869
19718
18956
95259
35661
55952
51717
37578
40645
97289
91847
40834
81802
60900
51962
19716
31904
81904
39876
96651
91054
45647
91159
81722
112337
96616
70379
113818
113729
52071
19741
52056
61628
113864
49999
113924
95228
51959
91155
78074
40609
40624
98146
92213
19724
91896
35659
94404
113925
76217
51630
52114
40654
86611
70980
51942
113866
51721
60860
37589
60859
18111
45646
95262
34775
96640
76290
50002
92222
70665
18964
52059
91899
81941
60902
17632
96641
18958
52061
51957
41716
31539
113137
81816
40640
91053
77990
92216
112454
40860
96643
51636
80940
96644
51935
93710
52052
52066
113592
113887
70374
70974
20353
51715
81986
70690
40610
81858
73565
113747
96652
50157
96726
76219
92250
113964
96630
96631
81928
31902
19722
39882
113891
113868
40551
40641
92234
27130
20971
81902
78059
52060
45564
31900
113875
51720
92225
50526
76220
46063
112436
49974
50512
77887
96611
91138
17516
18955
53454
18800
40596
98167
113872
45651
92253
52046
71943
50009
81723
31548
83714
16804
29941
91977
50005
20386
52044
112443
31721
45939
91905
52062
96642
52029
113594
113863
35648
51724
52037
60851
31728
26331
31560
20242
70979
70687
96671
70385
53370
39940
44353
53503
80113
19876
51722
92266
113897
18948
50012
52057
80929
81493
94408
36899
96668
71937
81901
51964
113141
39705
113892
76222
51939
72094
81898
113879
113927
40664
52064
113933
61592
51945
113713
113728
44345
39795
81972
50524
70671
40615
51858
70972
95261
44356
52042
81896
51949
45650
86702
45645
70381
39942
59352
70653
98140
112564
26332
95328
51728
53487
19717
86315
50230
70677
112456
53458
70681
70663
51950
113877
112438
18953
31551
113898
81894
41731
41677
113931
92241
113148
98136
81766
113869
40853
92210
70672
81492
19721
94881
50159
40618
62182
52047
31550
81386
83792
31913
113732
113734
90943
96614
113935
92237
92239
20277
91228
70696
51723
51725
18947
70684
35851
40631
51631
98169
96529
52031
60899
41683
61406
50525
113930
94406
98135
35638
113932
40639
90962
70373
18952
26343
76218
52072
113961
45654
51954
30369
51716
98141
41687
93711
50514
34720
81491
39919
98133
31766
80996
112566
113149
88693
81900
44325
74430
40184
113939
34764
52025
93726
91836
52035
113590
77901
52068
113971
95260
35667
113815
95253
51953
76215
86689
39880
52041
39863
60853
113817
95258
81934
51951
50174
53498
90951
92244
48488
50172
41685
39889
29927
51961
19778
18954
96646
29955
98174
113727
92255
90957
52043
113591
19737
96615
52028
70659
113873
92228
98139
70378
44342
71935
51963
55645
51960
113893
70981
17580
92204
34762
19020
112285
112428
92247
113731
113145
70982
113886
113929
95256
91845
26336
98171
18949
50160
96637
29919
29952
40716
52049
51842
70693
98172
40646
51629
113597
35629
113725
90959
19031
41680
51710
52032
40600
70372
63635
98156
31783
17512
52070
46347
28979
113146
98170
61636
98145
76224
55742
113139
50511
113885
52053
44090
35653
112440
48502
40696
70383
70642
52113
92392
113587
113900
113940
70973
91055
41749
70632
35658
45653
92191
113716
113723
70978
113894
29928
45642
93734
91150
53501
113871
96617
18960
97998
45942
45600
37575
18787
113711
96638
34768
17505
31747
113150
113595
60313
65916
52051
91967
31439
96645
81724
113934
48329
81805
18959
113928
113970
96635
18951
98142
96528
97288
61607
112378
17506
112338
35662
80932
52038
113884
113140
40604
77903
26333
70977
Window 4
45648
77872
96633
113737
113865
96639
112437
113867
40850
113593
34760
27117
113937
40715
26334
61637
51958
98138
70376
40701
70669
52063
113715
96677
52054
51846
44102
53460
76690
96555
40183
41690
70984
50513
70634
93720
53499
93712
113962
96636
113596
113963
70380
40599
94867
40605
53495
73554
113724
76216
45655
92231
40644
35657
27040
70630
59338
113878
95218
40688
49995
98144
112562
31729
113876
118195
113965
92265
113922
70377
81903
80927
112563
93733
112441
76223
113899
51952
51955
81899
76221
113692
35664
53496
31784
37389
50156
93738
113730
52058
70645
118175
53497
49814
96650
52127
113717
45934
91902
92207
80146
92219
81895
70718
31305
40638
96634
113733
113726
51956
53500
39929
53380
113600
118256
61795
93737
45941
80159
98143
113936
70686
70697
112379
81721
26341
112308
40539
76303
96662
52050
91897
52055
118208
113923
112439
44181
112442
50602
52090
52065
34758
40848
52027
118212
113816
41689
76214
70384
34769
92201
118174
51701
113870
112377
94409
113926
39794
71023
29929
96632
81907
98137
98134
60326
95257
71888
93719
95216
45644
40525
118191
52033
94535
70680
67089
81869
95259
35661
51717
37578
40645
97289
91847
40834
81802
60900
118168
51962
31904
81904
39876
96651
91054
45647
91159
81722
112337
96616
70379
113818
113729
52071
52056
61628
113864
49999
113924
95228
51959
91155
78074
40609
40624
98146
92213
91896
35659
94404
113925
76217
51630
52114
40654
86611
70980
51942
113866
51721
60860
37589
60859
45646
95262
34775
96640
76290
50002
92222
70665
52059
91899
81941
60902
96641
52061
51957
41716
31539
113137
81816
40640
91053
86252
77990
92216
112454
116720
40860
96643
51636
80940
96644
51935
93710
52052
118254
52066
113592
113887
70374
70974
20353
51715
81986
70690
40610
81858
34771
73565
113747
96652
50157
96726
76219
92250
113964
96630
96631
81928
31902
39882
113891
113868
40551
40641
92234
27130
20971
81902
78059
52060
45564
31900
113875
51720
92225
50526
76220
112436
49974
50512
77887
91138
53454
40596
98167
113872
45935
45651
92253
52046
118170
71943
50009
81723
31548
83714
29941
91977
50005
20386
52044
112443
31721
45939
91905
52062
96642
52029
113594
113863
35648
51724
70382
52037
60851
31728
26331
31560
20242
70979
70687
118206
118878
96671
70385
53370
118177
39940
44353
53503
118199
80113
51722
92266
113897
118178
50012
52057
80929
81493
94408
36899
96668
71937
81901
51964
113141
118215
39705
34765
113892
76222
51939
72094
81898
113879
113927
40664
52064
113933
61592
51945
113713
113728
44345
39795
81972
50524
70671
40615
118172
51858
70972
95261
44356
52042
81896
51949
45650
86702
118171
45645
118169
118182
70381
39942
59352
70653
98140
112564
26332
95328
51728
53487
86315
50230
70677
112456
53458
70681
70663
51950
113877
112438
118176
31551
113898
81894
41731
41677
113931
92241
113148
98136
81766
113869
40853
92210
70672
81492
94881
50159
40618
118185
62182
52047
31550
81386
83792
31913
113732
113734
90943
96614
113935
92237
92239
20277
91228
70696
51723
51725
70684
35851
40631
51631
98169
96529
52031
60899
41683
61406
50525
113930
94406
98135
35638
113932
40639
90962
70373
26343
76218
52072
113961
45654
51954
30369
51716
98141
41687
93711
50514
34720
81491
39919
98133
31766
80996
112566
113149
88693
81900
44325
74430
40184
113939
34764
52025
93726
91836
52035
113590
77901
52068
113971
95260
35667
113815
95253
51953
76215
86689
39880
52041
39863
60853
113817
95258
81934
51951
50174
53498
90951
92244
50172
41685
39889
29927
51961
96646
29955
98174
113727
92255
90957
52043
113591
96615
52028
70659
113873
92228
98139
70378
44342
71935
51963
55645
51960
113893
70981
92204
34762
112285
112428
92247
113731
113145
70982
113886
113929
95256
91845
26336
50160
96637
29919
29952
40716
118173
52049
51842
70693
98172
40646
51629
113142
113597
35629
113725
90959
41680
51710
52032
40600
70372
63635
98156
31783
52070
46347
28979
113146
61636
98145
76224
55742
113139
50511
113885
52053
44090
35653
112440
48502
40696
70383
70642
52113
92392
113587
113900
113940
70973
91055
41749
70632
35658
45653
92191
113716
113723
70978
113894
29928
45642
93734
91150
53501
113871
96617
97998
45942
45600
37575
113711
96638
34768
31747
113150
113595
60313
65916
52051
91967
31439
96645
81724
113934
48329
81805
112556
113928
113970
96635
118179
98142
96528
97288
61607
112378
112338
35662
80932
52038
113884
113140
40604
77903
26333
70977
Window 5
45648
77872
96633
113737
113865
96639
112437
113867
40850
113593
34760
27117
113937
40715
26334
61637
51958
98138
70376
40701
70669
52063
113715
96677
52054
51846
44102
53460
76690
122308
40183
41690
70984
122509
50513
70634
93720
53499
93712
113962
96636
113596
113963
70380
40599
94867
40605
53495
73554
113724
76216
45655
92231
40644
35657
27040
70630
59338
113878
95218
40688
49995
98144
70626
112562
31729
113876
118195
122302
113965
92265
113922
70377
81903
52012
80927
112563
93733
112441
76223
113899
51952
51955
81899
76221
113692
35664
53496
31784
122146
122152
37389
122298
50156
93738
113730
52058
120848
70645
118175
53497
49814
96650
52127
113717
45934
91902
92207
80146
120878
92219
81895
70718
31305
40638
96634
113733
113726
51956
53500
39929
53380
113600
118256
61795
93737
45941
80159
98143
113936
70686
70697
112379
81721
26341
112308
76303
96662
52050
91897
52055
118208
113923
112439
44181
112442
50602
52090
52065
34758
40848
52027
118212
113816
41689
76214
70384
34769
92201
118174
51701
113870
121206
122341
112377
94409
113926
39794
71023
29929
96632
81907
98137
98134
60326
95257
93719
95216
45644
40525
118191
52033
94535
70680
67089
81869
95259
35661
51717
37578
40645
97289
91847
40834
81802
60900
118168
51962
31904
81904
39876
96651
91054
45647
91159
81722
112337
96616
70379
113818
113729
52071
122307
52056
61628
113864
49999
113924
95228
51959
91155
78074
40609
40624
98146
92213
91896
35659
94404
113925
76217
51630
52114
40654
86611
70980
51942
113866
51721
60860
122112
37589
60859
45646
95262
34775
96640
76290
50002
92222
70665
52059
91899
81941
121272
96641
52061
51957
41716
31539
113137
81816
40640
91053
120849
77990
120861
92216
112454
116720
122294
96643
51636
80940
96644
51935
93710
52052
118254
113592
113887
70374
70974
51715
81986
70690
40610
81858
34771
73565
113747
96652
50157
96726
76219
92250
113964
96630
96631
81928
31902
39882
113891
113868
40551
40641
27130
81902
78059
52060
45564
31900
113875
51720
92225
50526
76220
112436
49974
50512
77887
91138
53454
40596
98167
113872
45935
45651
92253
52046
118170
71943
50009
81723
31548
83714
122304
29941
91977
50005
52044
112443
31721
45939
91905
52062
96642
52029
113594
113863
35648
51724
52037
60851
31728
26331
31560
122104
70979
70687
118206
118878
96671
70385
53370
118177
39940
44353
53503
118199
80113
51722
92266
113897
118178
50012
52057
80929
81493
94408
122297
36899
122299
96668
71937
81901
51964
113141
118215
39705
34765
113892
76222
51939
72094
81898
113879
113927
40664
52064
113933
61592
51945
113713
113728
44345
39795
40635
81972
50524
70671
40615
118172
51858
70972
122301
95261
44356
52042
81896
51949
45650
86702
118171
45645
118169
118182
122300
70381
39942
70653
98140
112564
26332
95328
51728
53487
86315
70677
112456
53458
70681
70663
51950
113877
112438
118176
31551
113898
81894
41731
41677
113931
92241
122305
113148
98136
113869
40853
92210
70672
81492
120566
94881
50159
40618
118185
62182
52047
31550
81386
83792
31913
113732
113734
90943
96614
113935
92237
92239
91228
70696
51723
51725
70684
35851
40631
51631
98169
96529
52031
60899
41683
61406
50525
113930
94406
98135
35638
113932
40639
90962
70373
26343
76218
122296
52072
113961
45654
51954
30369
51716
98141
41687
93711
50514
34720
81491
39919
98133
31766
80996
112566
113149
88693
81900
44325
74430
113939
34764
52025
93726
91836
52035
113590
77901
52068
113971
95260
35667
113815
95253
51953
76215
86689
39880
52041
39863
60853
122148
113817
95258
81934
51951
50174
53498
90951
92244
50172
41685
39889
29927
51961
96646
29955
98174
113727
121209
92255
90957
52043
113591
96615
52028
70659
113873
122500
92228
98139
70378
44342
71935
122303
51963
55645
51960
113893
70981
92204
34762
112285
112428
92247
113731
113145
70982
113886
113929
95256
91845
26336
50160
96637
29919
29952
40716
122306
118173
52049
51842
70693
98172
40646
51629
113142
113597
35629
113725
90959
41680
51710
52032
40600
70372
63635
98156
31783
52070
46347
28979
113146
121214
61636
98145
76224
55742
113139
120569
50511
113885
52053
44090
35653
112440
40696
70383
70642
52113
92392
113587
113900
113940
70973
91055
41749
122295
70632
35658
45653
92191
113716
113723
70978
113894
29928
45642
93734
53501
113871
96617
97998
45942
45600
37575
113711
96638
34768
31747
113150
113595
60313
65916
52051
91967
31439
96645
81724
113934
48329
81805
112556
113928
113970
96635
124100
118179
98142
96528
97288
61607
112378
112338
35662
80932
52038
113884
113140
40604
77903
26333
70977
Window 6
45648
77872
96633
113737
113865
96639
112437
113867
40850
113593
34760
113937
40715
61637
51958
98138
70376
40701
70669
52063
113715
96677
125414
128042
52054
51846
44102
53460
76690
122308
40183
41690
70984
122509
50513
70634
93720
53499
93712
113962
96636
113596
113963
70380
40599
94867
40605
53495
126964
73554
113724
76216
45655
92231
40644
125410
35657
70630
59338
113878
95218
40688
49995
98144
70626
112562
31729
113876
118195
122302
113965
92265
113922
70377
81903
52012
80927
112563
126880
93733
112441
76223
113899
51952
51955
81899
76221
113692
35664
53496
31784
122146
122152
37389
122298
50156
127055
93738
113730
52058
120848
70645
118175
53497
49814
96650
52127
113717
45934
91902
92207
80146
120878
92219
81895
70718
125412
31305
40638
96634
113733
113726
51956
125371
53500
39929
53380
113600
118256
61795
93737
45941
80159
98143
113936
70686
70697
112379
81721
112308
76303
96662
52050
91897
52055
118208
113923
112439
112442
50602
52090
52065
40545
34758
40848
52027
118212
113816
41689
76214
70384
125375
34769
92201
118174
51701
113870
121206
122341
112377
94409
113926
39794
71023
96632
81907
98137
98134
60326
95257
93719
95216
45644
40525
118191
52033
94535
70680
67089
81869
95259
35661
51717
37578
40645
97289
91847
40834
81802
118168
51962
125372
31904
81904
125417
39876
96651
91054
45647
91159
81722
112337
96616
70379
113818
113729
52071
122307
52056
61628
113864
49999
113924
95228
51959
91155
78074
40609
40624
98146
92213
91896
35659
125451
125448
94404
113925
76217
51630
52114
40654
86611
129720
70980
51942
113866
51721
60860
126815
122112
37589
60859
45646
95262
34775
96640
76290
50002
92222
70665
52059
91899
81941
121272
96641
52061
51957
41716
31539
113137
81816
40640
91053
120849
86252
77990
120861
92216
112454
116720
122294
96643
51636
80940
125413
96644
51935
93710
52052
118254
126814
113592
113887
70374
70974
51715
70690
40610
81858
34771
73565
125446
113747
96652
50157
96726
76219
92250
113964
96630
96631
81928
31902
39882
113891
113868
40551
40641
125378
81902
78059
52060
45564
31900
113875
51720
92225
50526
76220
46063
112436
49974
50512
77887
91138
125377
53454
40596
98167
113872
45935
45651
92253
52046
125445
71943
50009
81723
31548
83714
122304
91977
50005
52044
112443
31721
45939
91905
52062
96642
52029
113594
113863
35648
51724
52037
60851
31728
125389
31560
122104
70979
70687
118206
118878
96671
70385
53370
125419
118177
39940
44353
53503
118199
80113
51722
92266
113897
118178
50012
52057
80929
81493
94408
122297
36899
122299
96668
71937
81901
51964
113141
126813
118215
39705
34765
76222
51939
72094
81898
113879
113927
40664
126594
52064
113933
61592
51945
125454
113713
113728
44345
39795
40635
81972
50524
70671
40615
51858
70972
122301
44356
52042
81896
51949
45650
86702
125416
45645
118169
118182
122300
70381
39942
70653
98140
112564
95328
51728
53487
125373
86315
70677
112456
53458
70681
70663
51950
113877
112438
118176
31551
113898
81894
41731
41677
113931
92241
122305
113148
98136
113869
40853
92210
70672
81492
120566
94881
50159
40618
118185
62182
52047
31550
125367
81386
83792
31913
125376
113732
113734
90943
96614
92237
92239
91228
70696
51723
51725
40509
70684
35851
40631
51631
98169
96529
52031
60899
129738
41683
61406
50525
113930
94406
98135
35638
113932
40639
90962
70373
76218
122296
125411
52072
113961
45654
51954
30369
51716
98141
41687
93711
50514
34720
81491
39919
98133
31766
80996
112566
113149
88693
81900
44325
74430
113939
34764
52025
93726
91836
125409
52035
113590
77901
52068
113971
95260
35667
113815
95253
51953
76215
86689
39880
52041
39863
60853
125453
122148
125415
113817
81934
51951
50174
53498
129728
90951
92244
50172
41685
39889
51961
96646
98174
129734
113727
121209
92255
90957
52043
113591
96615
52028
70659
113873
122500
92228
98139
70378
44342
71935
122303
51963
55645
51960
113893
70981
60861
92204
34762
112285
112428
92247
113731
113145
70982
113886
113929
95256
91845
125450
98171
50160
96637
40716
122306
118173
52049
51842
70693
98172
40646
51629
113142
113597
35629
113725
90959
41680
51710
52032
40600
70372
63635
98156
31783
125452
52070
46347
113146
121214
61636
98145
76224
55742
113139
120569
50511
113885
52053
44090
35653
112440
48502
40696
70383
70642
52113
92392
113587
113900
113940
70973
91055
41749
122295
70632
35658
45653
92191
113716
113723
125447
70978
113894
126844
45642
93734
53501
125374
113871
96617
97998
125418
45942
126516
45600
37575
113711
96638
34768
31747
113150
129672
125449
113595
60313
65916
52051
91967
31439
96645
81724
113934
48329
81805
112556
113928
113970
96635
124100
118179
98142
96528
97288
61607
112378
112338
35662
80932
52038
113884
113140
40604
77903
70977
Window 7
45648
77872
96633
132665
113737
113865
96639
112437
113867
40850
113593
113937
40715
35663
61637
41697
51958
98138
70376
40701
70669
52063
113715
96677
125414
131933
128042
52054
51846
131872
44102
53460
76690
122308
40183
41690
70984
122509
50513
132580
70634
93720
53499
93712
113962
96636
113596
113963
70380
40599
94867
40605
53495
126964
73554
113724
76216
45655
92231
40644
125410
35657
70630
59338
113878
95218
131890
40688
49995
98144
70626
112562
113876
118195
122302
113965
92265
113922
81903
132832
132578
80927
112563
134132
126880
93733
112441
76223
51952
51955
81899
76221
113692
35664
53496
122146
122152
37389
122298
50156
127055
93738
113730
52058
120848
70645
53497
49814
96650
52127
131874
113717
45934
91902
92207
80146
120878
92219
81895
70718
125412
40638
96634
113733
113726
51956
125371
53500
39929
113600
118256
61795
93737
45941
80159
132670
132073
98143
113936
70686
70697
131877
112379
81721
112308
40539
76303
96662
52050
91897
52055
118208
112439
112442
50602
52090
52065
40545
40848
132594
52027
118212
113816
41689
76214
70384
125375
92201
51701
113870
121206
122341
112377
94409
39794
71023
96632
131888
81907
132072
98137
98134
60326
95257
93719
95216
45644
132593
132080
131999
118191
52033
94535
70680
67089
81869
95259
35661
51717
37578
40645
97289
91847
40834
81802
132602
118168
51962
125372
81904
125417
39876
96651
91054
45647
132069
91159
81722
112337
134211
96616
70379
113818
113729
52071
122307
125370
131873
52056
61628
113864
49999
113924
95228
51959
91155
132100
78074
40609
40624
98146
92213
91896
35659
125451
132094
50465
125448
94404
76217
51630
52114
40654
86611
70980
51942
113866
51721
60860
126815
122112
37589
60859
45646
95262
96640
76290
50002
92222
70665
52059
91899
81941
121272
96641
52061
51957
41716
113137
81816
131876
132083
40640
91053
120849
86252
77990
120861
92216
112454
116720
122294
96643
51636
80940
125413
96644
51935
93710
52052
118254
126814
113592
113887
125369
70374
70974
51715
70690
40610
81858
73565
125446
113747
96652
50157
96726
76219
92250
113964
96630
95220
96631
81928
45936
39882
113868
40551
40641
132598
125378
81902
132092
78059
132093
52060
45564
113875
51720
92225
50526
76220
46063
112436
49974
50512
77887
131869
91138
125377
53454
40596
98167
113872
45935
45651
92253
52046
125445
71943
50009
81723
83714
122304
132286
40512
91977
50005
52044
112443
45939
91905
52062
96642
52029
113594
113863
35648
51724
52037
60851
132088
125389
122104
70979
70687
118206
118878
96671
70385
53370
125419
39940
44353
53503
118199
132922
80113
51722
92266
118178
50012
52057
80929
81493
94408
122297
36899
132091
122299
96668
71937
81901
51964
113141
126813
118215
39705
76222
51939
72094
81898
113879
113927
40664
126594
52064
61592
51945
125454
131897
113713
113728
44345
39795
134131
40635
81972
50524
70671
40615
134710
51858
132075
70972
122301
44356
52042
81896
51949
45650
86702
125416
45645
118182
122300
70381
39942
70653
98140
132078
112564
95328
51728
53487
131875
125373
86315
70677
112456
53458
70681
70663
51950
113877
131911
112438
113898
132220
81894
41731
41677
113931
92241
122305
113148
98136
113869
40853
92210
70672
81492
120566
94881
50159
40618
118185
62182
52047
131918
125367
81386
83792
113732
113734
90943
96614
92237
92239
91228
70696
132649
51723
51725
132209
40509
70684
35851
40631
51631
98169
96529
52031
60899
129738
41683
61406
50525
113930
94406
98135
35638
113932
40639
90962
70373
76218
122296
125411
52072
113961
45654
51954
51716
98141
41687
93711
50514
81491
39919
98133
80996
134119
112566
113149
88693
81900
44325
74430
53455
113939
52025
93726
91836
125409
52035
113590
77901
52068
113971
95260
134130
35667
113815
95253
51953
76215
86689
39880
52041
39863
60853
125453
122148
125415
113817
81934
51951
50174
53498
129728
90951
92244
50172
41685
39889
51961
96646
98174
129734
113727
121209
92255
90957
52043
113591
132674
132671
96615
52028
70659
113873
131894
122500
92228
98139
70378
44342
71935
122303
51963
55645
51960
132669
70981
60861
92204
132577
112285
112428
92247
131965
113731
113145
70982
95256
91845
125450
132678
98171
131884
131868
132679
50160
96637
132591
40716
122306
52049
51842
70693
132081
98172
40646
51629
113142
113597
35629
113725
90959
41680
51710
52032
132908
40600
70372
131924
63635
98156
125452
52070
46347
113146
121214
61636
98145
76224
55742
113139
120569
50511
52053
44090
35653
112440
132299
40696
70383
70642
52113
92392
113587
113900
113940
70973
91055
41749
122295
70632
35658
45653
92191
113723
125447
132099
70978
113894
126844
45642
93734
53501
125374
113871
96617
132098
132097
97998
125418
45942
126516
131904
45600
37575
113711
96638
113150
129672
125449
113595
60313
65916
52051
91967
96645
81724
113934
48329
81805
112556
131997
113928
113970
96635
124100
118179
98142
131871
132682
96528
97288
61607
112378
112338
35662
80932
52038
113140
40604
77903
70977
Window 8
45648
77872
137187
113737
113865
40850
51958
70376
113715
137186
131933
128042
52054
44102
70641
70984
135497
70634
93720
53499
113962
96636
113596
40599
94867
40605
73554
113724
70630
59338
95218
131890
49995
98144
70626
113876
122302
113965
92265
112563
134132
126880
93733
76223
113692
122146
122152
50156
127055
93738
53497
49814
96650
113717
45934
80146
92219
70718
137188
40638
113733
113726
51956
53500
113600
93737
45941
80159
132073
98143
113936
70697
112379
81721
52050
91897
52055
112442
50602
132594
52027
113816
41689
70384
92201
70674
71023
96632
131888
81907
98137
95216
45644
132593
40525
52033
94535
70680
95259
138461
91847
81802
132602
51962
81904
125417
137196
91159
112337
96616
113729
60315
122307
131873
52056
113864
49999
95228
51959
132100
52026
98146
91896
137189
125448
94404
76217
51630
40654
86611
70980
51942
113866
60860
126815
60859
45646
95262
96640
76290
92222
70665
52059
121272
52061
51957
60317
113137
81816
131876
132083
40640
86252
120861
92216
116720
122294
134128
52052
118254
126814
81858
96652
50157
96726
76219
92250
113964
96630
95220
81928
45936
40551
70655
125378
78059
52060
135496
113875
92225
46063
112436
131869
91138
137183
81723
83714
122304
52030
137193
132286
40512
112443
113594
113863
51724
52037
132088
125389
70687
96671
53370
125419
118199
51722
92266
118178
50012
80929
94408
132091
122299
137184
71937
51964
113141
126813
51939
81898
52064
61592
113713
134131
81972
50524
40615
135484
132075
70972
122301
44356
52042
51949
45650
86702
125416
45645
137190
118182
135489
122300
98140
132078
112564
95328
131875
112456
53458
70681
51950
131911
112438
113898
81894
41731
41677
113931
92241
113148
113869
40853
94881
50159
52047
131918
125367
83792
90943
91228
51723
132209
52048
51631
98169
96529
41683
61406
94406
98135
113932
40639
90962
76218
122296
125411
113961
51954
50514
81491
98133
80996
134119
113149
44325
135476
52025
93726
77901
134130
113815
60853
125453
122148
113817
51951
95252
53498
129728
92244
41685
96646
113727
121209
92255
90957
52043
132674
132671
96615
70659
92228
98139
70378
44342
122303
51963
55645
51960
132669
70981
60861
92204
132577
135479
137192
92247
131965
113731
70982
95256
91845
125450
131884
96637
132591
40716
52049
51842
70693
40646
51629
113142
90959
41680
51710
52032
40600
98156
52070
70685
46347
98145
60318
76224
55742
113139
120569
50511
52053
112440
40696
70383
113587
135654
113900
113940
122295
92191
113723
125447
70978
52045
113871
132097
97998
60321
131904
45600
135500
113711
135653
113150
65916
52051
135439
91967
96645
81724
48329
81805
112556
96635
124100
131871
112338
52038
40604
77903
96633
132665
96639
112437
113867
113593
113937
40715
61637
41697
98138
40701
70669
52063
125414
120568
70639
51846
131872
53460
76690
122308
40183
41690
122509
50513
132580
93712
113963
70380
53495
126964
76216
45655
92231
40644
125410
113878
40688
112562
118195
113922
70377
81903
132832
132578
80927
112441
51952
137182
51955
81899
76221
53496
60320
122298
113730
52058
120848
70645
52127
131874
91902
92207
120878
81895
52040
135501
125412
96634
137191
118256
61795
70686
131877
112308
76303
96662
118208
112439
131879
60324
52090
52065
40545
40848
76214
60314
51701
113870
121206
135494
122341
112377
94409
132072
98134
60326
93719
132080
131999
118191
67089
81869
51717
40645
97289
40834
70650
96651
91054
45647
132069
81722
61601
134211
70379
70638
113818
52071
125370
61628
113924
91155
78074
40609
40624
70640
92213
125451
132094
52114
137185
51721
122112
135495
50002
91899
81941
96641
41716
91053
120849
112454
96643
51636
80940
125413
96644
51935
93710
113592
125369
70374
70974
51715
70690
40610
61606
73565
125446
113747
96631
113868
40641
132598
81902
132092
132093
45564
51720
50526
76220
49974
50512
77887
125377
53454
40596
98167
113872
45935
45651
92253
52046
125445
71943
50009
60316
91977
50005
52044
45939
91905
52062
96642
52029
70382
60851
70979
135485
118206
118878
70385
44353
53503
132922
80113
45937
52057
81493
122297
81901
76222
72094
113879
113927
40664
126594
52034
51945
125454
131897
113728
44345
135488
40635
60322
70671
134710
51858
81896
70381
70653
51728
53487
125373
86315
70677
70663
113877
132220
122305
135570
98136
135473
92210
70672
81492
120566
40618
118185
62182
81386
113732
113734
96614
92237
92239
70696
132649
51725
40509
70684
40631
52031
60899
129738
50525
113930
70373
52072
45654
51716
98141
135464
41687
93711
60323
112566
88693
81900
74430
53455
113939
91836
125409
52035
113590
137195
52068
113971
95260
95253
51953
76215
86689
52041
125415
81934
50174
90951
50172
51961
60325
98174
129734
113591
52028
113873
131894
122500
71935
112285
137194
112428
113145
132678
98171
131868
132679
50160
122306
132081
98172
113597
113725
132908
70372
131924
61605
63635
125452
113146
121214
61636
44090
132299
70642
52113
92392
135491
70973
91055
41749
70632
45653
132099
113894
126844
45642
93734
53501
125374
96617
132098
135470
125418
45942
126516
125368
96638
129672
125449
113595
60313
137172
113934
131997
113928
113970
118179
98142
70635
132682
96528
97288
61607
112378
80932
113140
70977
Window 9
45648
77872
137187
113737
113865
51958
70376
113715
137186
131933
128042
52054
70641
70984
135497
70634
93720
53499
113962
96636
113596
94867
73554
113724
70630
59338
142298
95218
131890
49995
98144
70626
113876
122302
113965
92265
52012
112563
134132
126880
93733
76223
113692
122146
122152
50156
127055
93738
53497
49814
96650
113717
45934
80146
92219
70718
137188
113733
113726
51956
53500
113600
93737
45941
80159
132073
98143
113936
70697
112379
81721
52050
91897
52055
112442
50602
132594
52027
113816
70384
92201
71023
96632
131888
81907
98137
95216
45644
132593
52033
94535
70680
95259
138461
91847
135482
81802
141400
132602
51962
81904
125417
137196
91159
112337
96616
113729
122307
131873
52056
113864
49999
95228
51959
132100
98146
91896
137189
50465
125448
94404
76217
51630
86611
70980
51942
113866
60860
126815
60859
45646
55562
95262
96640
76290
92222
70665
52059
121272
52061
51957
113137
81816
131876
132083
120861
92216
116720
122294
94407
52052
118254
126814
81858
141407
96652
50157
96726
76219
142295
92250
113964
96630
95220
81928
45936
125378
52060
135496
113875
92225
46063
112436
131869
91138
137183
142392
81723
83714
122304
137193
132286
141401
112443
113594
113863
51724
142284
52037
132088
125389
70687
96671
53370
125419
118199
51722
92266
118178
50012
80929
94408
132091
122299
137184
71937
51964
113141
126813
51939
81898
52064
61592
134131
81972
50524
135484
132075
70972
122301
52042
51949
45650
86702
125416
45645
137190
118182
142292
135489
122300
98140
132078
112564
95328
131875
112456
53458
70681
51950
142281
131911
112438
113898
81894
113931
92241
113148
113869
94881
50159
52047
131918
125367
83792
131141
90943
91228
51723
132209
51631
98169
96529
61406
94406
98135
113932
90962
76218
122296
125411
113961
141403
51954
50514
81491
98133
80996
134119
113149
135476
52025
93726
141200
77901
134130
113815
142403
60853
125453
122148
113817
51951
53498
129728
92244
96646
113727
121209
92255
90957
52043
132674
132671
96615
70659
142304
92228
98139
70378
122303
51963
55645
50464
51960
132669
70981
144288
60861
92204
132577
135479
137192
92247
131965
113731
70982
95256
91845
125450
131884
96637
132591
52049
51842
70693
51629
113142
90959
51710
52032
98156
52070
46347
98145
76224
55742
113139
120569
50511
52053
112440
70383
113587
135654
113900
113940
122295
92191
113723
125447
70978
52045
113871
141266
132097
97998
131904
45600
135500
113711
135653
113150
65916
52051
135439
91967
96645
81724
48329
81805
112556
96635
124100
131871
112338
52038
77903
96633
132665
96639
112437
113867
113593
113937
61637
98138
70669
52063
125414
120568
51846
131872
53460
76690
122308
122509
50513
132580
93712
113963
70380
53495
126964
76216
45655
92231
125410
113878
112562
118195
113922
70377
81903
132832
132578
80927
141396
112441
51952
137182
51955
81899
76221
98177
53496
122298
113730
52058
120848
70645
141442
52127
131874
91902
92207
120878
81895
135501
125412
96634
137191
118256
61795
70686
131877
112308
76303
96662
118208
112439
131879
60324
52090
52065
76214
51701
113870
121206
135494
122341
112377
94409
142404
132072
98134
60326
93719
132080
131999
118191
67089
81869
51717
97289
96651
50463
91054
45647
132069
81722
61601
134211
70379
113818
52071
125370
61628
113924
91155
78074
92213
125451
132094
52114
137185
51721
122112
142071
135495
50002
91899
81941
96641
91053
120849
112454
96643
51636
80940
125413
96644
51935
93710
113592
125369
70374
70974
51715
70690
73565
142746
125446
113747
50462
96631
113868
132598
81902
132092
132093
45564
51720
50526
76220
49974
50512
77887
125377
53454
98167
113872
45935
45651
92253
52046
125445
71943
50009
91977
50005
52044
45939
91905
52062
96642
52029
60851
70979
135485
118206
118878
70385
53503
132922
80113
45937
52057
81493
122297
80785
81901
76222
72094
113879
113927
126594
51945
125454
131897
113728
135488
70671
134710
51858
81896
70381
70653
51728
53487
125373
86315
70677
70663
113877
132220
122305
135570
98136
135473
92210
70672
81492
120566
118185
62182
81386
113732
113734
96614
92237
92239
70696
132649
51725
70684
52031
60899
129738
50525
113930
70373
52072
45654
51716
98141
93711
60323
112566
88693
81900
74430
53455
113939
91836
125409
52035
113590
137195
52068
113971
95260
95253
51953
76215
86689
52041
125415
81934
50174
90951
50172
51961
60325
98174
129734
113591
142268
52028
113873
131894
122500
71935
112285
137194
112428
113145
132678
98171
131868
132679
50160
122306
132081
98172
113597
113725
132908
70372
63635
125452
113146
121214
98170
61636
112380
132299
70642
92392
135491
70973
91055
70632
45653
132099
113894
126844
45642
93734
53501
125374
96617
132098
135470
125418
45942
126516
125368
96638
129672
125449
113595
60313
137172
113934
131997
113928
113970
118179
98142
132682
96528
97288
61607
112378
80932
113140
70977
