Window 0
16429
33285
33238
34184
33215
58343
33268
34140
58353
25731
33249
16426
33300
33209
34132
34185
34144
16411
35181
25735
33243
33179
33255
33248
34125
35156
58362
34188
33289
34145
25745
33226
33205
34147
25748
16412
16414
33195
25758
81817
34182
34166
33307
35159
33239
33253
33280
33189
34128
16407
34172
33290
33270
33227
58325
33303
35153
33297
25762
58359
33274
33293
34181
25738
25741
33237
33272
33230
33201
81814
33304
39237
33214
34189
34159
33299
35154
58363
25768
33264
34180
34156
58355
34161
33190
33180
58332
25754
33305
34131
33231
35175
33193
33271
34162
16397
16432
33225
33207
58351
16416
34190
58360
58340
16433
33242
58361
33252
34177
34133
34169
16405
16420
33220
25729
34158
34152
33295
33254
33262
34139
33286
34138
33175
16418
33186
33196
25761
33245
33259
25765
33229
33241
35172
34129
34178
58357
33258
34141
16422
34155
25733
35173
33267
16404
34136
34183
25728
34130
33296
58334
25727
33178
35176
25767
33250
34154
33235
34148
34146
34187
35161
39236
16406
33282
34157
34186
16430
33194
25740
33219
16410
58350
58358
35160
34168
33287
33261
16434
35182
33269
33208
16423
33251
33273
16421
34176
33203
25755
16417
16425
33218
58342
16399
35178
25737
33288
35179
58327
33257
16396
25763
58330
25739
25747
16401
34170
16402
34134
25764
33206
33174
34150
34153
33187
34137
33200
34149
33223
58341
33177
58335
25766
58333
58348
33176
25744
33263
58345
58346
33216
34143
35177
34126
58347
16419
16428
33222
34135
33281
33265
33233
25752
58326
81815
33301
33294
33278
58338
35180
25732
25751
81816
25756
33260
16403
33306
16431
34179
58344
33210
25734
33291
58339
58356
58331
33256
34175
33284
16424
16400
33217
33204
33244
35183
58349
34191
16408
34173
33191
35174
33202
34192
33212
33277
33279
34164
35157
33221
33276
34142
81813
34167
33247
25743
58352
39235
33275
34151
33283
33302
33192
33232
25753
34163
58336
33228
25749
35158
58329
16409
58328
33197
34127
25730
25760
16413
25742
25746
33266
33188
34160
16427
33234
33198
34171
33236
33224
33246
33292
33298
16415
33211
35184
16398
35155
33199
25736
25750
34165
33240
25757
58354
33213
34174
58337
25759
Window 1
16429
33285
33238
34184
33215
58343
33268
34140
58353
25731
33249
16426
33300
33209
34132
34185
34144
16411
35181
25735
33243
33179
33255
33248
34125
35156
58362
34188
33289
34145
25745
33226
33205
34147
33182
25748
16412
16414
33195
25758
81817
34182
34166
33307
35159
33239
33253
33280
34128
16407
34172
33290
33270
33227
58325
33303
35153
33297
25762
58359
33274
33293
34181
25738
25741
33237
33272
33230
33201
81814
33304
39237
33214
34189
34159
33299
35154
58363
25768
33264
34180
34156
58355
34161
33190
33180
58332
25754
33305
34131
33231
35175
33193
33271
34162
16397
16432
33225
33207
58351
16416
34190
58360
58340
16433
33242
58361
33252
34177
34133
34169
16405
16420
33220
25729
34158
34152
33295
33254
33262
34139
33286
34138
33175
16418
33196
25761
33245
33259
25765
33229
33241
35172
34129
34178
58357
33258
34141
16422
34155
25733
35173
33267
16404
34136
34183
25728
34130
33296
58334
25727
33178
35176
25767
33250
34154
33235
34148
34146
34187
35161
39236
16406
33282
34157
34186
16430
33194
25740
33219
16410
58350
58358
35160
34168
33287
33261
16434
35182
33269
33208
16423
33251
33273
16421
34176
33203
25755
16417
16425
33218
58342
16399
35178
25737
33288
35179
58327
33257
16396
25763
58330
25739
25747
16401
34170
16402
34134
25764
33206
33174
34150
34153
34137
33200
34149
33223
58341
33177
58335
25766
58333
58348
33176
25744
33263
58345
58346
33216
34143
35177
34126
58347
16419
16428
33222
34135
33281
33181
33265
33233
25752
58326
81815
33301
33294
33278
58338
35180
25732
25751
81816
25756
33260
16403
33306
16431
34179
58344
33210
25734
33291
58339
58356
58331
33256
34175
33284
16424
16400
33217
33204
33244
35183
58349
34191
16408
34173
33191
35174
33202
34192
33212
33277
33279
34164
35157
33221
33276
34142
81813
34167
33247
25743
58352
39235
33275
34151
33283
33302
33192
33232
25753
34163
58336
33228
25749
35158
58329
16409
58328
33197
34127
25730
25760
16413
25742
25746
33266
34160
16427
33234
33198
34171
33236
33224
33246
33292
33298
16415
33211
35184
16398
35155
33199
25736
25750
34165
33240
25757
58354
33213
34174
58337
25759
Window 2
16429
33285
33238
34184
33215
58343
33268
34140
58353
25731
33249
16426
33300
33209
34132
34185
34144
16411
35181
25735
33243
33179
33255
33248
34125
35156
58362
34188
33289
34145
25745
33226
33205
34147
33182
25748
16412
16414
33195
25758
81817
34182
34166
33307
35159
33239
33253
33280
34128
16407
34172
33290
33270
33227
58325
33303
35153
33297
25762
58359
33274
33293
34181
25738
25741
33237
33272
33230
33201
81814
33304
39237
33214
34189
34159
33299
35154
58363
25768
33264
34180
34156
58355
34161
33190
33180
58332
25754
33305
34131
33231
35175
33193
33271
34162
16397
16432
33225
33207
58351
16416
34190
58360
58340
16433
33242
58361
33252
34177
34133
34169
16405
16420
33220
25729
34158
34152
33295
33254
33262
34139
33286
34138
33175
16418
33196
25761
33245
33259
25765
33229
33241
35172
34129
34178
58357
33258
34141
16422
34155
25733
35173
33267
16404
34136
34183
25728
34130
33296
58334
25727
33178
35176
25767
33250
34154
33235
34148
34146
34187
35161
39236
16406
33282
34157
34186
16430
33194
25740
33219
16410
58350
58358
35160
34168
33287
33261
16434
35182
33269
33208
16423
33251
33273
16421
34176
33203
25755
16417
16425
33218
58342
16399
35178
25737
33288
35179
58327
33257
16396
25763
58330
25739
25747
16401
34170
16402
34134
25764
33206
33174
34150
34153
34137
33200
34149
33223
58341
33177
58335
25766
58333
58348
33176
25744
33263
58345
58346
33216
34143
35177
34126
58347
16419
16428
33222
34135
33281
33181
33265
33233
25752
58326
81815
33301
33294
33278
58338
35180
25732
25751
81816
25756
33260
16403
33306
16431
34179
58344
33210
25734
33291
58339
58356
58331
33256
34175
33284
16424
16400
33217
33204
33244
35183
58349
34191
16408
34173
33191
35174
33202
34192
33212
33277
33279
34164
35157
33221
33276
34142
81813
34167
33247
25743
58352
39235
33275
34151
33283
33302
33192
33232
25753
34163
58336
33228
25749
35158
58329
16409
58328
33197
34127
25730
25760
16413
25742
25746
33266
34160
16427
33234
33198
34171
33236
33224
33246
33292
33298
16415
33211
35184
16398
35155
33199
25736
25750
34165
33240
25757
58354
33213
34174
58337
25759
Window 3
16429
33285
33238
34184
33215
58343
33268
34140
58353
25731
33249
16426
33300
33209
34132
34185
34144
16411
35181
25735
33243
33179
33255
33248
34125
35156
58362
34188
33289
34145
25745
33226
33205
34147
33182
25748
16412
16414
33195
25758
81817
34182
34166
33307
35159
33239
33253
33280
34128
16407
34172
33290
33270
33227
58325
33303
35153
33297
25762
58359
33274
33293
34181
25738
25741
33237
33272
33230
33201
81814
33304
39237
33214
34189
34159
33299
35154
58363
25768
33264
34180
34156
58355
34161
33190
33180
58332
25754
33305
34131
33231
35175
33193
33271
34162
16397
16432
33225
33207
58351
16416
34190
58360
58340
16433
33242
58361
33252
34177
34133
34169
16405
16420
33220
25729
34158
34152
33295
33254
33262
34139
33286
34138
33175
16418
33196
25761
33245
33259
25765
33229
33241
35172
34129
34178
58357
33258
34141
16422
34155
25733
35173
33267
16404
34136
34183
25728
34130
33296
58334
25727
33178
35176
25767
33250
34154
33235
34148
34146
34187
35161
39236
16406
33282
34157
34186
16430
33194
25740
33219
16410
58350
58358
35160
34168
33287
33261
16434
35182
33269
33208
16423
33251
33273
16421
34176
33203
25755
16417
16425
33218
58342
25726
16399
35178
25737
33288
35179
58327
33257
16396
25763
58330
25739
25747
16401
34170
16402
34134
25764
33206
33174
34150
34153
34137
33200
34149
33223
58341
33177
58335
25766
58333
58348
33176
25744
33263
58345
58346
33216
34143
35177
34126
58347
16419
16428
33222
34135
33281
33181
33265
33233
25752
58326
81815
33301
33294
33278
58338
35180
25732
25751
81816
25756
33260
16403
33306
16431
34179
58344
33210
25734
33291
58339
58356
58331
33256
34175
33284
16424
16400
33217
16395
33204
33244
35183
58349
34191
16408
34173
33191
35174
33202
34192
33212
33277
33279
34164
35157
33221
33276
34142
81813
34167
33247
25743
58352
39235
33275
34151
33283
33302
33192
33232
25753
34163
58336
33228
25749
35158
58329
16409
58328
33197
34127
25730
25760
16413
25742
25746
33266
34160
16427
33234
33198
34171
33236
33224
33246
33292
33298
16415
33211
35184
16398
35155
33199
25736
25750
34165
33240
25757
58354
33213
34174
58337
25759
Window 4
33285
33238
34184
33215
58343
33268
34140
58353
25731
33249
33300
33209
34132
34185
34144
35181
25735
33243
33179
33255
33248
34125
35156
58362
34188
33289
34145
25745
33226
33205
34147
33182
25748
33195
25758
81817
34182
34166
33307
35159
33239
33253
33280
34128
34172
33290
33270
33227
58325
33303
35153
33297
25762
58359
33274
33293
34181
25738
25741
33237
33272
33230
33201
81814
33304
39237
33214
34189
34159
33299
35154
58363
25768
33264
34180
34156
58355
34161
33190
33180
58332
25754
33305
34131
33231
35175
33193
33271
34162
33225
33207
58351
34190
58360
58340
33242
58361
33252
34177
34133
34169
33220
25729
34158
34152
33295
33254
33262
34139
33286
34138
33175
33196
25761
33245
33259
25765
33229
33241
35172
34129
34178
58357
33258
34141
34155
25733
35173
33267
34136
34183
25728
34130
33296
58334
25727
33178
35176
25767
33250
34154
33235
34148
34146
34187
35161
39236
33282
34157
34186
33194
25740
33219
58350
58358
35160
34168
33287
33261
35182
33269
33208
33251
33273
34176
33203
25755
33218
58342
25726
35178
25737
33288
35179
58327
33257
25763
58330
25739
25747
34170
34134
25764
33206
33174
34150
34153
34137
33200
34149
33223
58341
33177
58335
25766
58333
58348
33176
25744
33263
58345
58346
33216
34143
35177
34126
58347
33222
34135
33281
33181
33265
33233
25752
58326
81815
33301
33294
33278
58338
35180
25732
25751
81816
25756
33260
33306
34179
58344
33210
25734
33291
58339
58356
58331
33256
34175
33284
33217
33204
33244
35183
58349
34191
34173
33191
35174
33202
34192
33212
33277
33279
34164
35157
33221
33276
34142
81813
34167
33247
25743
58352
39235
33275
34151
33283
33302
33192
33232
25753
34163
58336
33228
25749
35158
58329
58328
33197
34127
25730
25760
25742
25746
33266
34160
33234
33198
34171
33236
33224
33246
33292
33298
33211
35184
35155
33199
25736
25750
34165
33240
25757
58354
33213
34174
58337
25759
Window 5
33285
33238
34184
33215
58343
33268
34140
58353
25731
33249
33300
33209
34132
34185
34144
35181
25735
33243
33179
33255
33248
34125
35156
58362
34188
33289
34145
25745
33226
33205
34147
33182
25748
33195
25758
81817
34182
34166
33307
35165
35159
33239
33253
33280
34128
34172
33290
33270
33227
58325
33303
35170
35153
33297
25762
58359
33274
33293
34181
25738
25741
33237
33272
33230
33201
81814
33304
39237
33214
34189
34159
33299
35154
58363
25768
33264
34180
34156
58355
34161
33190
33180
58332
25754
33305
34131
33231
35175
33193
33271
34162
33225
33207
58351
34190
58360
58340
33242
58361
33252
34177
34133
34169
33220
25729
34158
34152
33295
33254
33262
34139
33286
34138
33175
33196
25761
33245
33259
25765
33229
33241
35172
34129
34178
35167
58357
33258
34141
34155
25733
35173
33267
34136
34183
25728
34130
33296
58334
25727
35169
33178
35176
25767
33250
34154
33235
34148
34146
34187
35161
39236
33282
34157
34186
33194
25740
33219
58350
35164
58358
35160
34168
33287
33261
35182
33269
33208
33251
33273
34176
33203
25755
33218
58342
25726
35178
35171
25737
33288
35179
58327
33257
25763
58330
25739
25747
34170
34134
25764
33206
33174
34150
34153
34137
33200
34149
33223
58341
33177
58335
25766
58333
58348
33176
25744
33263
58345
58346
33216
34143
35177
34126
58347
33222
34135
33281
84118
33181
33265
33233
25752
58326
81815
33301
33294
33278
58338
35180
25732
25751
81816
25756
33260
35162
33306
34179
58344
33210
25734
33291
58339
58356
58331
33256
34175
33284
33217
33204
33244
35183
58349
34191
34173
33191
35174
33202
34192
33212
33277
33279
34164
35157
33221
33276
34142
81813
34167
33247
25743
58352
39235
35166
33275
34151
35163
33283
33302
35168
33192
33232
25753
34163
58336
33228
25749
35158
58329
58328
33197
34127
25730
25760
25742
25746
33266
34160
33234
33198
34171
33236
33224
33246
33292
33298
33211
35184
35155
33199
25736
25750
34165
33240
25757
58354
33213
34174
58337
25759
Window 6
33285
33238
34184
33215
58379
58343
33268
34140
58353
33249
33300
33209
34132
34185
34144
35181
33243
33179
33255
129926
33248
34125
35156
58362
34188
33289
34145
33226
33205
34147
33182
33195
81817
34182
34166
33307
35165
35159
33239
33253
33280
34128
34172
58371
58372
33290
33270
33227
58325
33303
35170
35153
33297
58359
129928
33274
33293
34181
33237
33272
33230
33201
81814
33304
39237
33214
34189
34159
33299
35154
58363
33264
34180
34156
58355
34161
33190
33180
58332
33305
34131
33231
35175
33193
33271
34162
58378
36802
33225
33207
58351
34190
58360
58340
33242
58361
33252
34177
34133
34169
33220
77540
34158
34152
33295
58323
33254
33262
34139
58370
33286
34138
33175
33196
58376
33245
33259
33229
33241
35172
34129
34178
35167
58357
33258
34141
34155
58373
35173
33267
34136
34183
34130
33296
58334
35169
33178
35176
33250
34154
33235
34148
34146
34187
35161
39236
33282
34157
34186
129922
33194
33219
58350
35164
58358
35160
34168
58369
129927
33287
33261
35182
33269
33208
33251
33273
34176
33203
129921
129924
58374
33218
58342
35178
35171
58375
33288
35179
58327
33257
129925
58324
58330
34170
34134
33206
34150
34153
34137
33200
34149
33223
58341
33177
58335
58333
58348
33176
58364
33263
58345
58346
33216
34143
35177
58380
34126
58347
58368
58365
33222
34135
33281
84118
77539
33181
33265
33233
58326
81815
33301
33294
33278
36803
58377
58338
35180
81816
33260
35162
33306
34179
58344
33210
33291
58339
58356
58331
33256
34175
33284
33217
33204
33244
35183
58349
34191
34173
33191
35174
33202
34192
33212
33277
33279
34164
35157
33221
33276
34142
81813
34167
33247
58352
39235
35166
33275
34151
35163
33283
33302
35168
33192
58367
33232
34163
58336
33228
35158
58329
58328
33197
34127
33266
34160
33234
33198
34171
33236
129923
33224
33246
33292
33298
36801
33211
58366
35184
35155
129920
33199
34165
33240
58354
33213
34174
58337
Window 7
58379
58343
58353
35181
35156
58362
81817
35165
35159
58371
58372
58325
35170
35153
58359
81814
39237
35154
58363
58355
58332
35175
58378
36802
58351
58360
58340
58361
77540
58323
58370
58376
35172
35167
58357
58373
35173
58334
35169
35176
35161
39236
129922
58350
35164
58358
35160
58369
35182
129921
129924
58374
58342
35178
35171
58375
35179
58327
58324
58330
58341
58335
58333
58348
58364
58345
58346
35177
58380
58347
58368
58365
84118
77539
58326
81815
36803
58377
58338
35180
81816
35162
58344
58339
58356
58331
35183
58349
35174
35157
81813
58352
39235
35166
35163
35168
58367
58336
35158
58329
58328
129923
36801
58366
35184
35155
129920
58354
58337
Window 8
58379
58343
58353
58362
81817
58371
58372
58325
58359
81814
58363
58355
58332
58378
58351
58360
58340
58361
77540
58323
58370
58376
58357
58373
58334
129922
58350
58358
58369
129921
129924
58374
58342
58375
58327
58324
58330
58341
58335
58333
58348
58364
58345
58346
58380
58347
58368
58365
84118
77539
58326
81815
58377
58338
81816
58344
58339
58356
58331
58349
81813
58352
58367
58336
58329
58328
129923
58366
129920
58354
58337
Window 9
58379
58343
58353
58362
81817
58371
58372
58325
58359
81814
58363
58355
58332
58378
58351
58360
58340
58361
77540
58323
58370
58376
58357
58373
58334
129922
58350
58358
58369
58322
129921
129924
58374
58342
58375
58327
58324
58330
58341
58335
58333
58348
58364
58345
58346
58380
58347
58368
58365
84118
77539
58326
81815
58377
58338
81816
58344
58339
58356
58331
58349
81813
58352
58367
58336
58321
58329
58328
129923
58366
129920
58354
58337
