Window 0
9676
10553
1797
9662
10601
10167
11864
9709
14830
994
10543
14554
1589
14529
8183
7763
14558
11577
9447
14549
1508
734
9484
6949
7802
10624
9566
6473
11601
8011
8044
7780
14411
14517
1536
10214
9634
7441
10526
11582
7957
7849
780
7760
10698
14846
667
9696
10227
14561
10549
8354
773
9677
6983
11609
885
10593
14059
14014
14845
7803
1717
988
10644
9512
7948
14538
10560
801
10183
1033
7781
10539
8355
8081
7600
8196
10589
11671
757
10552
14828
14858
10194
1756
8686
9678
8905
1565
9660
8195
1625
10200
11861
14542
9667
10616
14560
14545
14713
11826
9587
14717
10202
14550
7926
7892
10459
8029
11594
7980
10219
1506
7655
10548
14541
14864
10630
13594
7676
737
11617
14686
1542
9506
9679
11899
7978
8083
806
6999
13995
821
7823
14853
13971
10234
9933
14835
10509
10554
8045
718
14725
9658
9510
9659
7337
9264
13799
8687
11871
9718
9668
10561
7955
7995
14831
770
9665
13946
10146
9711
14873
10122
14548
7141
9511
9044
7956
691
9554
7821
7882
8096
11575
9697
8904
14063
13976
10257
14852
8892
13772
11581
9209
8885
10545
8008
10627
7711
9565
1566
1401
7858
9630
13966
10606
10573
14109
10613
14036
1697
10620
7824
9654
14544
10161
716
9724
8639
800
7993
10585
10215
14559
10581
13986
1795
14562
14847
11886
7840
8098
9549
10256
10154
9653
9642
9726
8630
9704
725
10610
14868
7059
10538
10173
14032
13977
11587
9798
10703
10701
7958
8115
10210
10523
1803
11665
10185
11667
1281
10590
10650
14836
819
8211
10147
9278
9470
9818
1530
825
10241
9493
9515
1023
13939
7023
8065
10625
10579
14589
13997
10605
9727
14547
7869
10228
9645
739
9691
14668
7243
9652
1892
7822
14503
10508
8080
10704
8181
11603
9655
8091
9219
14734
1688
9033
10519
10621
8772
10599
1453
1008
9646
14556
9156
10217
10276
8889
10168
10085
9608
11625
10174
14425
9492
14540
11634
8897
10656
14534
996
9680
8144
10603
1687
9643
9536
9692
10681
7799
9997
9703
11938
1583
8043
10216
10612
10572
7038
11882
14819
10680
14501
9648
9514
1698
7837
10636
7908
14849
707
9710
10623
1635
9263
14557
1640
10536
826
10594
10023
10626
13951
784
993
7643
9723
10246
8160
14089
9716
9619
14675
10201
9612
9613
10575
10184
14839
989
13784
1569
9686
14826
7979
10609
7746
14228
9456
9635
7731
11673
10586
1412
11580
1718
8893
1575
10566
7558
8610
9687
11863
9781
10236
10221
723
1036
10107
10334
7852
14006
14855
935
9513
8028
8024
8197
7501
11911
10617
11794
9577
8063
14062
10187
1605
7762
14498
10583
8771
13676
9663
751
14489
7710
9666
9614
10078
1661
14546
7732
9708
14528
8010
14851
14285
10460
14530
10186
9717
9712
8278
1372
13705
10245
Window 1
9676
10553
9662
10601
10167
11864
9709
14830
10543
14554
14529
8183
7763
14558
11577
9447
14549
9484
6949
7802
10624
9566
6473
11601
8011
8044
7780
14411
14517
10214
9634
7441
10526
11582
7957
7849
7140
7590
7760
10698
14846
9696
10227
14561
10549
8354
9677
13930
6983
11609
10593
10557
14059
14014
14845
7803
10644
9512
7948
11782
13909
14538
10560
10183
7781
11824
10539
8355
8081
7600
8196
11671
11811
11878
10552
14828
10010
14858
10194
8686
9678
8905
9660
8195
10200
11861
8012
14542
9667
10616
14560
14545
14713
11826
9587
14717
10202
14550
7926
7892
10459
8029
11594
7980
10219
7655
10548
14541
14864
10630
13594
7676
11617
14686
9506
9679
11899
7978
8083
6999
13995
7823
14853
13971
10234
9933
14835
10595
11870
10509
10554
8045
14725
9658
9510
9659
7337
9264
13799
8687
11871
9718
9668
10561
7955
7995
14831
9665
13946
10146
9711
11599
14873
10122
14548
7141
9511
9044
7956
9554
7821
7882
8096
7761
9697
13948
8904
14063
13976
10504
10257
14852
8892
13772
11581
9209
8885
10545
8008
10627
7711
9565
11852
7858
9630
13966
7776
10606
14842
10573
14109
11789
14092
10613
14036
10620
7824
9654
14544
10161
9724
8639
7993
10215
14559
10581
13986
14562
14847
11886
7840
8098
9549
10256
10154
9653
9642
9726
8630
9704
10610
14868
7059
10538
10173
14032
13977
11587
9798
10703
10701
7958
8115
10210
10523
11665
10185
10534
11667
10502
5199
10590
10650
14836
8211
10147
9278
9470
9818
10241
9493
9515
13758
13939
7023
10480
8065
10625
10579
14589
13997
10605
9727
14832
11650
14547
7869
10228
9645
9691
14668
7243
9652
8557
11884
7822
14503
10508
8080
10704
8181
11603
9655
8091
9219
14734
7800
9033
10519
10621
8772
10599
11877
9646
14556
9156
10217
10276
8889
10168
10085
9608
11625
10174
14425
9492
14540
11634
8897
10656
11683
14534
9680
8144
10603
13947
13681
9643
9536
9692
10681
7799
9997
9703
11938
6868
8043
10216
10612
10572
7038
11882
14819
10680
14501
9648
9514
7837
10636
14168
6900
7908
14849
9710
10623
9263
14557
10536
10023
10626
13951
7643
9723
10246
10571
10577
8160
14089
10558
9716
9619
14675
10201
9612
9613
10575
10184
14839
13784
7927
9686
14826
7979
10609
7746
14228
9456
9635
7731
11673
10586
11580
8893
10566
7558
8610
9687
11863
9781
14764
10236
10226
10221
10107
10334
7852
14006
14855
9513
8028
8024
8197
7501
11911
11788
10617
11794
9577
8063
14062
10187
10576
7762
14498
10583
8771
13676
9663
14489
10570
7710
9666
9614
10078
14546
7732
9708
14528
8010
10555
14851
14285
10460
10235
14530
10186
9717
9712
8278
13705
10245
Window 2
10553
10601
10167
14046
13835
11864
14258
14690
11777
14003
14830
10077
14367
14357
10543
14554
14343
14529
13739
14558
14040
14549
10239
13915
10089
14784
14616
10624
10082
14508
11601
13888
13987
13729
14411
14517
14539
14163
10214
10526
10290
14611
10268
14407
14091
14780
13880
10698
14846
10227
14561
14621
13930
11609
10593
14728
10557
13790
14108
14059
14014
14845
13871
13297
13559
10644
10282
12020
11782
13909
14538
10560
14196
10183
14730
14481
14185
14399
10095
14269
10539
14570
13975
13867
10456
12033
11671
13812
14597
10552
14116
14351
13895
10010
14858
10194
14146
14747
11776
10200
10240
14135
11861
14542
14634
10616
14560
14545
14302
14713
11826
14717
10202
14550
14615
14369
14055
10568
10134
10459
10088
10281
14476
10547
13740
11594
10219
10548
14541
14864
10630
13594
13914
11617
14686
14134
11899
14102
13995
13890
14853
10182
13971
10234
14261
14835
10126
10595
10509
11979
14505
10554
14355
14725
14537
10176
13889
13964
13799
10019
13791
10561
14620
14831
13946
10146
11599
14873
14352
10122
14548
13901
10514
14318
13948
10559
14268
10521
14063
14158
13976
14600
10504
10257
13906
14852
14729
13772
10597
10545
10627
14753
14122
12032
11852
14837
14396
10284
14614
14840
13966
14094
10606
14842
10573
13944
14109
10401
13723
14182
14638
11789
14092
10222
13819
10613
14036
14340
10620
14544
10161
13980
11765
14397
14374
13957
10215
13945
14336
14625
14559
10581
13986
14562
14847
11886
12142
10256
10154
10610
14868
14823
10538
10173
14032
13834
13977
14479
12015
14769
14478
10703
13961
10701
10556
10210
10523
11665
10185
14086
10534
11667
13252
10590
10650
14836
14383
10147
10248
10241
14412
14299
13962
14420
14127
13758
13939
10567
10413
10625
13516
10579
14969
14589
13997
14120
10605
14832
14547
14398
10228
13856
13813
10259
13922
14668
14408
14632
13952
14503
10508
10704
11603
14734
10542
10032
12024
10519
10251
10621
10474
10599
13968
11877
14413
10578
14556
10217
14789
14384
10276
14502
10054
10168
10006
10085
10174
14425
14540
11634
13820
10656
14054
14368
11683
14084
10584
14378
14534
14143
10603
13947
13681
14488
13811
10681
13684
11938
14829
10310
14742
10216
10612
10572
11882
14819
13761
14005
10680
14501
13794
10563
10177
13829
10139
10636
14168
10220
12985
13550
13923
10588
13756
14849
10574
14493
10623
14557
14507
10536
11750
14459
10023
10626
13951
10163
13801
11773
14295
10565
10246
10577
10106
14395
13996
14089
10283
10558
14675
10201
10575
13656
10184
14839
10157
14096
13784
10233
14671
14391
14732
10609
10381
13991
14228
11673
10586
10387
12311
13821
13816
10566
11863
14764
14480
10564
11983
10236
10226
10221
10107
10334
10385
14006
14855
10141
14843
14326
11911
11788
10550
10617
11794
12151
14337
12036
10108
14075
14062
14142
10187
10576
13933
14498
10583
10070
13711
13676
13724
13807
14735
10291
10546
14301
14489
14311
14179
10078
14546
14069
14433
14528
14262
14851
14074
10449
14285
10460
10235
14530
10186
10551
13950
14964
11966
13705
10245
Window 3
15059
15018
15062
15064
15044
15042
15036
15068
15001
15038
15063
15058
15029
15023
15055
15019
15047
15014
15015
15039
Window 4
Window 5
Window 6
Window 7
Window 8
Window 9
