Window 0
16422
33278
34177
33231
33208
16432
58336
33261
58346
34133
33242
16419
16433
33293
33202
34178
34125
34137
16404
35174
25728
33236
33248
33241
58355
34181
33282
25763
34138
25738
33306
33219
33198
34140
33175
25741
16405
16407
33188
25751
35183
34175
34159
33300
35158
35182
33232
33246
33273
16400
34165
33283
33263
33220
25766
34191
33296
33290
58352
25755
33267
33286
34174
25731
33230
33265
25734
33223
33194
33297
33207
34189
34182
34152
25768
33292
58356
34173
25761
33257
34149
58348
33304
34154
58325
25747
33298
39237
33224
33186
33264
34155
16425
33218
58344
33200
58353
34183
16409
33305
58333
16426
33235
58354
34170
33245
34126
34162
16398
16413
33213
34151
34145
33288
33255
33247
34132
58363
35181
33279
34131
33179
33189
16411
33252
25754
25764
33238
25758
33222
33234
25762
34171
35160
58350
33251
34134
16415
34148
33177
33260
16397
34176
34129
81814
33289
58327
35180
33243
25760
34147
33228
39236
34141
34139
34180
35154
34150
33275
34179
16399
16423
33187
25733
33212
58343
16403
35157
58351
39235
35153
16434
34161
16431
58362
33280
33254
16427
35179
35175
33262
33201
16430
33244
16416
33266
16414
34169
35178
33196
25748
58335
16418
33211
16410
16428
25730
33281
35172
33250
25756
25732
25740
34163
34127
33307
25757
33199
34143
34146
33180
34130
34142
33193
33216
58334
58328
58326
25759
58341
33302
58357
33256
58338
25737
33301
58339
33209
34136
58340
58361
16412
58358
16421
34128
33215
33274
34190
33174
33258
33226
25745
33294
33287
33271
58331
81813
35173
34192
25744
33253
25749
35155
16396
33299
34172
16424
33176
58337
33203
58332
58349
25727
33284
33249
34168
33277
81816
16417
33210
33197
33178
81815
33237
35176
58342
34184
16401
34166
34188
33195
34185
35184
33205
33272
34157
33270
34135
25767
33214
33269
34160
33240
25736
81817
58345
35159
33268
35156
34144
33295
33276
33303
35161
34187
58360
34186
33225
25746
34156
58329
33221
25742
16402
33190
25753
16406
25735
25739
33259
34153
16429
33227
16420
33191
34164
33229
33239
33285
33217
33291
16408
33204
58359
35177
25765
33192
25743
25729
34158
33233
25750
58347
33206
58330
34167
25752
Window 1
16422
33278
34177
33231
33208
16432
58336
33261
58346
34133
33242
16419
16433
33293
33202
34178
34125
34137
16404
35174
25728
33236
33248
33241
58355
34181
33282
25763
34138
25738
33306
33219
33198
34140
33175
25741
16405
16407
25751
35183
34175
34159
33300
35158
35182
33232
33246
33273
33182
16400
34165
33283
33263
33220
25766
34191
33296
33290
58352
25755
33267
33286
34174
25731
33230
33265
25734
33223
33194
33297
33207
34189
34182
34152
25768
33292
58356
34173
25761
33257
34149
58348
33304
34154
58325
25747
33298
39237
33224
33264
34155
16425
33218
58344
33200
58353
34183
16409
33305
58333
16426
33235
58354
34170
33245
34126
34162
16398
16413
33213
34151
34145
33288
33255
33247
34132
58363
35181
33279
34131
33179
16411
33252
25754
25764
33238
25758
33222
33234
25762
34171
35160
58350
33251
34134
16415
34148
33177
33260
16397
34176
34129
81814
33289
58327
35180
33243
25760
34147
33228
39236
34141
34139
34180
35154
34150
33275
34179
16399
16423
25733
33212
58343
16403
35157
58351
39235
35153
16434
34161
16431
58362
33280
33254
16427
35179
35175
33262
33201
16430
33244
16416
33266
16414
34169
35178
33196
25748
58335
16418
33211
16410
16428
25730
33281
35172
33250
25756
25732
25740
34163
34127
33307
25757
33199
34143
34146
33180
34130
34142
33193
33216
58334
58328
58326
25759
58341
33302
58357
33256
58338
25737
33301
58339
33209
34136
58340
58361
16412
58358
16421
34128
33215
33274
34190
33174
33258
33226
25745
33294
33287
33271
58331
81813
35173
34192
25744
33253
25749
35155
16396
33299
34172
16424
33176
58337
33203
58332
58349
25727
33284
33249
34168
33277
81816
16417
33210
33197
33178
81815
33237
35176
58342
34184
16401
34166
34188
33195
34185
35184
33205
33272
34157
33270
34135
25767
33214
33269
34160
33240
25736
81817
58345
35159
33268
35156
34144
33295
33276
33303
35161
34187
58360
34186
33225
25746
34156
58329
33221
25742
16402
33190
25753
16406
25735
25739
33259
33181
34153
16429
33227
16420
33191
34164
33229
33239
33285
33217
33291
16408
33204
58359
35177
25765
33192
25743
25729
34158
33233
25750
58347
33206
58330
34167
25752
Window 2
16422
33278
34177
33231
33208
16432
58336
33261
58346
34133
33242
16419
16433
33293
33202
34178
34125
34137
16404
35174
25728
33236
33248
33241
58355
34181
33282
25763
34138
25738
33306
33219
33198
34140
33175
25741
16405
16407
25751
35183
34175
34159
33300
35158
35182
33232
33246
33273
33182
16400
34165
33283
33263
33220
25766
34191
33296
33290
58352
25755
33267
33286
34174
25731
33230
33265
25734
33223
33194
33297
33207
34189
34182
34152
25768
33292
58356
34173
25761
33257
34149
58348
33304
34154
58325
25747
33298
39237
33224
33264
34155
16425
33218
58344
33200
58353
34183
16409
33305
58333
16426
33235
58354
34170
33245
34126
34162
16398
16413
33213
34151
34145
33288
33255
33247
34132
58363
35181
33279
34131
33179
16411
33252
25754
25764
33238
25758
33222
33234
25762
34171
35160
58350
33251
34134
16415
34148
33177
33260
16397
34176
34129
81814
33289
58327
35180
33243
25760
34147
33228
39236
34141
34139
34180
35154
34150
33275
34179
16399
16423
25733
33212
58343
16403
35157
58351
39235
35153
16434
34161
16431
58362
33280
33254
16427
35179
35175
33262
33201
16430
33244
16416
33266
16414
34169
35178
33196
25748
58335
16418
33211
16410
16428
25730
33281
35172
33250
25756
25732
25740
34163
34127
33307
25757
33199
34143
34146
33180
34130
34142
33193
33216
58334
58328
58326
25759
58341
33302
58357
33256
58338
25737
33301
58339
33209
34136
58340
58361
16412
58358
16421
34128
33215
33274
34190
33174
33258
33226
25745
33294
33287
33271
58331
81813
35173
34192
25744
33253
25749
35155
16396
33299
34172
16424
33176
58337
33203
58332
58349
25727
33284
33249
34168
33277
81816
16417
33210
33197
33178
81815
33237
35176
58342
34184
16401
34166
34188
33195
34185
35184
33205
33272
34157
33270
34135
25767
33214
33269
34160
33240
25736
81817
58345
35159
33268
35156
34144
33295
33276
33303
35161
34187
58360
34186
33225
25746
34156
58329
33221
25742
16402
33190
25753
16406
25735
25739
33259
33181
34153
16429
33227
16420
33191
34164
33229
33239
33285
33217
33291
16408
33204
58359
35177
25765
33192
25743
25729
34158
33233
25750
58347
33206
58330
34167
25752
Window 3
16422
33278
34177
33231
33208
16432
58336
33261
58346
34133
33242
16419
16433
33293
33202
34178
34125
34137
16404
35174
25728
33236
33248
33241
58355
34181
33282
25763
34138
25738
33306
33219
33198
34140
33175
25741
16405
16407
25751
35183
34175
34159
33300
35158
35182
33232
33246
33273
33182
16400
34165
33283
33263
33220
25766
34191
33296
33290
58352
25755
33267
33286
34174
25731
33230
33265
25734
33223
33194
33297
33207
34189
34182
34152
25768
33292
58356
34173
25761
33257
34149
58348
33304
34154
58325
25747
33298
39237
33224
33264
34155
16425
33218
58344
33200
58353
34183
16409
33305
58333
16426
33235
58354
34170
33245
34126
34162
16398
16413
33213
34151
34145
33288
33255
33247
34132
58363
35181
33279
34131
33179
16411
33252
25754
25764
33238
25758
33222
33234
25762
34171
35160
58350
33251
34134
16415
34148
25726
33177
33260
16397
34176
34129
81814
33289
58327
35180
33243
25760
34147
33228
39236
34141
34139
34180
35154
34150
33275
34179
16399
16423
25733
33212
58343
16403
35157
58351
39235
35153
16434
34161
16431
58362
33280
33254
16427
35179
35175
33262
33201
16430
33244
16416
33266
16414
34169
35178
33196
25748
58335
16418
33211
16410
16428
25730
33281
35172
33250
25756
25732
25740
34163
16395
34127
33307
25757
33199
34143
34146
33180
34130
34142
33193
33216
58334
58328
58326
25759
58341
33302
58357
33256
58338
25737
33301
58339
33209
34136
58340
58361
16412
58358
16421
34128
33215
33274
34190
33174
33258
33226
25745
33294
33287
33271
58331
81813
35173
34192
25744
33253
25749
35155
16396
33299
34172
16424
33176
58337
33203
58332
58349
25727
33284
33249
34168
33277
81816
16417
33210
33197
33178
81815
33237
35176
58342
34184
16401
34166
34188
33195
34185
35184
33205
33272
34157
33270
34135
25767
33214
33269
34160
33240
25736
81817
58345
35159
33268
35156
34144
33295
33276
33303
35161
34187
58360
34186
33225
25746
34156
58329
33221
25742
16402
33190
25753
16406
25735
25739
33259
33181
34153
16429
33227
16420
33191
34164
33229
33239
33285
33217
33291
16408
33204
58359
35177
25765
33192
25743
25729
34158
33233
25750
58347
33206
58330
34167
25752
Window 4
33278
34177
33231
33208
58336
33261
58346
34133
33242
33293
33202
34178
34125
34137
35174
25728
33236
33248
33241
58355
34181
33282
25763
34138
25738
33306
33219
33198
34140
33175
25741
25751
35183
34175
34159
33300
35158
35182
33232
33246
33273
33182
34165
33283
33263
33220
25766
34191
33296
33290
58352
25755
33267
33286
34174
25731
33230
33265
25734
33223
33194
33297
33207
34189
34182
34152
25768
33292
58356
34173
25761
33257
34149
58348
33304
34154
58325
25747
33298
39237
33224
33264
34155
33218
58344
33200
58353
34183
33305
58333
33235
58354
34170
33245
34126
34162
33213
34151
34145
33288
33255
33247
34132
58363
35181
33279
34131
33179
33252
25754
25764
33238
25758
33222
33234
25762
34171
35160
58350
33251
34134
34148
25726
33177
33260
34176
34129
81814
33289
58327
35180
33243
25760
34147
33228
39236
34141
34139
34180
35154
34150
33275
34179
25733
33212
58343
35157
58351
39235
35153
34161
58362
33280
33254
35179
35175
33262
33201
33244
33266
34169
35178
33196
25748
58335
33211
25730
33281
35172
33250
25756
25732
25740
34163
34127
33307
25757
33199
34143
34146
33180
34130
34142
33193
33216
58334
58328
58326
25759
58341
33302
58357
33256
58338
25737
33301
58339
33209
34136
58340
58361
58358
34128
33215
33274
34190
33174
33258
33226
25745
33294
33287
33271
58331
81813
35173
34192
25744
33253
25749
35155
33299
34172
33176
58337
33203
58332
58349
25727
33284
33249
34168
33277
81816
33210
33197
33178
81815
33237
35176
58342
34184
34166
34188
33195
34185
35184
33205
33272
34157
33270
34135
25767
33214
33269
34160
33240
25736
81817
58345
35159
33268
35156
34144
33295
33276
33303
35161
34187
58360
34186
33225
25746
34156
58329
33221
25742
33190
25753
25735
25739
33259
33181
34153
33227
33191
34164
33229
33239
33285
33217
33291
33204
58359
35177
25765
33192
25743
25729
34158
33233
25750
58347
33206
58330
34167
25752
Window 5
33278
34177
33231
33208
58336
33261
58346
34133
33242
33293
33202
34178
34125
34137
35174
25728
33236
33248
33241
58355
34181
33282
25763
34138
25738
33306
33219
33198
34140
33175
25741
25751
35183
34175
34159
33300
35158
35182
33232
33246
33273
33182
34165
33283
33263
33220
25766
34191
33296
35163
33290
58352
25755
33267
33286
34174
25731
33230
33265
25734
33223
33194
33297
33207
34189
34182
34152
25768
33292
58356
34173
25761
33257
34149
58348
33304
34154
58325
25747
33298
39237
33224
35168
33264
34155
33218
58344
33200
58353
34183
33305
58333
33235
58354
34170
33245
34126
34162
33213
34151
34145
33288
33255
33247
34132
58363
35181
33279
34131
33179
33252
25754
25764
33238
25758
33222
33234
25762
35165
34171
35160
58350
33251
34134
34148
25726
35166
33177
33260
34176
34129
81814
33289
58327
35162
35180
35169
33243
25760
34147
33228
39236
34141
34139
34180
35154
34150
33275
34179
25733
33212
58343
35157
58351
39235
35153
34161
58362
33280
33254
35179
35175
33262
33201
33244
33266
34169
35178
33196
25748
58335
33211
84118
35164
35171
25730
33281
35172
33250
25756
25732
25740
34163
34127
33307
25757
33199
34143
34146
33180
34130
34142
33193
33216
58334
58328
58326
25759
58341
33302
58357
33256
58338
25737
33301
58339
35170
33209
34136
58340
58361
58358
34128
33215
33274
34190
33174
33258
33226
25745
33294
33287
33271
58331
81813
35173
34192
25744
33253
25749
35155
33299
34172
33176
58337
33203
58332
58349
25727
33284
33249
34168
33277
81816
33210
33197
33178
81815
33237
35176
58342
34184
34166
34188
35167
33195
34185
35184
33205
33272
34157
33270
34135
25767
33214
33269
34160
33240
25736
81817
58345
35159
33268
35156
34144
33295
33276
33303
35161
34187
58360
34186
33225
25746
34156
58329
33221
25742
33190
25753
25735
25739
33259
33181
34153
33227
33191
34164
33229
33239
33285
33217
33291
33204
58359
35177
25765
33192
25743
25729
34158
33233
25750
58347
33206
58330
34167
25752
Window 6
58380
33278
34177
33231
33208
58372
58336
33261
58346
34133
33242
33293
33202
34178
34125
34137
35174
33236
33248
129921
33241
58355
34181
33282
34138
33306
33219
33198
34140
33175
35183
34175
34159
58377
33300
35158
35182
33232
33246
33273
33182
129925
58365
34165
58364
33283
33263
33220
34191
33296
35163
33290
58352
129923
33267
33286
34174
33230
33265
33223
33194
33297
33207
34189
34182
58374
34152
33292
58356
34173
33257
34149
58348
33304
34154
58325
33298
39237
33224
35168
58379
33264
34155
58371
33218
58376
58344
33200
58353
34183
33305
58333
33235
58354
34170
33245
34126
34162
33213
34151
34145
36801
33288
33255
33247
34132
58363
35181
33279
34131
33179
58369
33252
33238
33222
33234
35165
34171
35160
58350
33251
77540
34134
34148
58366
35166
33177
33260
34176
34129
36802
81814
33289
58327
35162
35180
35169
33243
34147
33228
39236
34141
34139
34180
35154
34150
33275
34179
33212
58375
58343
35157
58351
36803
129926
39235
35153
34161
58362
129922
33280
33254
35179
35175
33262
33201
33244
33266
34169
129927
35178
33196
58367
58335
33211
84118
35164
35171
58368
33281
35172
129920
33250
58323
34163
34127
33307
129924
33199
34143
34146
33180
34130
34142
33193
33216
58334
58328
58326
58341
33302
58357
33256
58338
33301
58339
58373
35170
33209
34136
58340
58361
58358
34128
33215
33274
34190
33258
33226
33294
33287
33271
58370
58331
81813
35173
34192
33253
35155
33299
34172
33176
58337
33203
58332
58349
33284
58324
33249
34168
33277
81816
33210
33197
33178
81815
33237
35176
58342
34184
34166
34188
35167
33195
34185
35184
33205
33272
34157
33270
34135
33214
33269
34160
33240
81817
58345
35159
33268
35156
34144
33295
33276
33303
35161
34187
58360
34186
129928
33225
34156
58329
33221
33190
33259
33181
34153
33227
58378
33191
34164
33229
33239
33285
33217
33291
33204
58359
35177
77539
33192
34158
33233
58347
33206
58330
34167
Window 7
58380
58372
58336
58346
35174
129921
58355
35183
58377
35158
35182
58365
58364
35163
58352
129923
58374
58356
58348
58325
39237
35168
58379
58371
58376
58344
58353
58333
58354
36801
58363
35181
58369
35165
35160
58350
77540
58366
35166
36802
81814
58327
35162
35180
35169
39236
35154
58375
58343
35157
58351
36803
39235
35153
58362
129922
35179
35175
35178
58367
58335
84118
35164
35171
58368
35172
129920
58323
129924
58334
58328
58326
58341
58357
58338
58339
58373
35170
58340
58361
58358
58370
58331
81813
35173
35155
58337
58332
58349
58324
81816
81815
35176
58342
35167
35184
81817
58345
35159
35156
35161
58360
58329
58378
58359
35177
77539
58347
58330
Window 8
58380
58372
58336
58346
129921
58355
58377
58365
58364
58352
129923
58374
58356
58348
58325
58379
58371
58376
58344
58353
58333
58354
58363
58369
58350
77540
58366
81814
58327
58375
58343
58351
58362
129922
58367
58335
84118
58368
129920
58323
129924
58334
58328
58326
58341
58357
58338
58339
58373
58340
58361
58358
58370
58331
81813
58337
58332
58349
58324
81816
81815
58342
81817
58345
58360
58329
58378
58359
77539
58347
58330
Window 9
58380
58372
58336
58346
129921
58355
58377
58365
58364
58352
129923
58374
58356
58348
58325
58379
58371
58376
58344
58353
58333
58354
58363
58369
58350
77540
58366
81814
58327
58375
58343
58351
58362
129922
58367
58335
84118
58368
129920
58323
129924
58334
58328
58326
58341
58357
58338
58339
58373
58340
58361
58358
58370
58331
81813
58337
58332
58349
58324
81816
81815
58342
81817
58345
58360
58329
58322
58321
58378
58359
77539
58347
58330
