Window 0
24132
53380
756
24191
762
2476
443
457
291
1945
24243
2440
319
823
24150
2730
11767
2165
323
52945
53417
2096
2226
2066
24177
53539
2132
2458
53272
2574
2312
24207
11632
348
956
23790
53119
473
2634
849
2325
284
2579
166
233
24180
53428
53496
53202
24029
890
383
2406
857
23831
53683
2569
2532
460
475
2552
23960
769
53164
2105
2526
1959
53180
2246
24070
23926
344
470
886
772
23860
429
23836
2482
2445
11634
11567
685
11723
1908
2570
11668
949
144
2371
23953
53485
294
53549
24235
724
23811
11629
2735
2020
2332
2721
678
53453
23992
318
583
2357
53623
53197
11692
2575
11698
11591
11585
24163
53176
2393
24053
11646
736
23983
53478
960
2015
53097
315
53303
688
412
2044
2121
23896
1942
2510
945
53441
2311
2296
53426
23902
53338
23973
262
2002
150
1961
11753
11534
2668
24107
24112
53255
53357
53113
303
2649
285
335
2278
201
770
2118
11733
24183
53602
259
2130
2409
23988
539
53423
763
368
781
53262
536
2304
53406
24182
53153
11603
875
24174
2146
53397
962
674
2537
23847
2201
23936
53535
2197
2370
53329
2547
53200
11725
897
53031
841
2110
53501
600
23990
528
53236
175
2138
53242
23841
737
24010
24143
2419
545
11644
53264
2361
53289
817
11576
707
11702
2225
604
2252
2407
53251
699
24169
431
933
24056
511
687
53304
1936
586
782
394
163
227
2477
11724
2628
2770
599
2385
519
965
53188
683
2119
521
24007
11814
486
11515
1932
2040
2388
2433
24032
53144
53395
2627
53448
2314
905
531
827
53574
53084
24197
418
2557
11612
23928
53370
654
1953
53244
23839
2223
2597
24278
2365
487
11623
23892
725
11598
2018
2209
589
202
11637
24030
53201
658
667
53192
673
11717
53221
341
549
53430
1971
53443
2792
53386
2231
2553
11766
698
53246
53014
183
24229
585
11710
2111
11751
53232
854
2443
488
2102
24120
2614
24254
691
11526
920
2083
53280
851
23776
24077
53064
361
337
2289
242
2462
53400
495
347
2212
280
11671
53194
24166
2286
2489
24215
2180
53120
2572
23912
53115
805
53268
896
24275
899
819
550
2679
24186
2475
2037
870
776
2470
2543
2549
2424
53023
11614
334
472
739
23909
53108
53499
11590
2173
305
797
1977
24131
2616
2014
947
508
2516
727
53022
489
2618
23981
2264
11587
479
855
2189
11667
2178
2255
2408
24290
2029
23899
172
931
53297
880
2544
286
523
2176
811
2505
701
938
885
900
2328
2432
53054
1915
2588
2099
23884
53536
53385
23837
23933
11739
53455
2545
24062
53540
23885
553
268
842
53480
53346
11518
11760
232
579
708
203
852
23975
1982
23799
53089
428
11510
742
2380
865
2426
2464
23840
696
11621
11645
357
24090
2290
24138
1951
655
53316
23814
24109
906
11742
2308
24116
295
24027
307
516
2469
1954
53066
2548
11788
2174
2267
23858
53071
53225
2116
2154
23905
53354
818
24092
213
554
2450
760
300
53275
11589
53393
530
926
2232
2362
2441
177
329
2428
269
515
2115
814
23897
512
53182
2376
24211
53340
681
2293
452
2164
24078
24130
53545
240
682
281
402
23949
2117
11682
53365
2346
2654
11712
23829
304
2507
24064
53155
2486
711
24162
636
2160
1997
2046
24212
493
11738
53464
1964
2126
2394
11670
2072
53282
893
2192
53352
888
53469
955
731
24203
53092
370
171
11566
477
668
912
23833
929
565
2474
11586
53396
23984
324
2378
1902
952
235
2344
862
484
320
2485
11743
53315
2210
11639
11737
2592
24042
11568
53281
975
2227
53210
679
2298
2413
53198
2384
138
53137
374
23890
832
23883
53450
23815
639
53431
778
195
11779
24199
53034
278
2504
11730
481
445
879
53088
1917
53217
274
611
1958
1934
11755
53065
53158
924
11693
24043
53127
2338
53437
2076
53475
2461
181
2641
2089
2266
2317
53238
917
1935
1906
871
24214
53457
2302
499
151
194
24226
2079
753
379
24250
882
2086
23994
53159
339
458
52997
11696
2589
715
2095
764
2529
2228
53468
1990
11604
24192
2182
24196
387
217
1992
11597
23886
11542
2058
958
53109
53320
24276
53056
751
53047
868
2411
11608
23854
2087
556
53096
53100
221
257
918
2222
24273
2578
11808
2277
970
53226
610
11659
718
2492
11655
2398
1970
53310
53055
971
24115
11679
53211
53179
53254
2063
11535
2281
2793
53258
2602
414
24103
435
2430
839
695
24173
809
444
23891
24233
2145
346
53146
601
53331
2345
538
53399
2643
358
2186
859
365
467
224
2082
2054
1996
11647
1903
53267
266
504
2059
24110
24230
53339
53037
24154
53186
312
178
630
2343
2418
396
746
11552
874
2195
2360
24242
822
11617
23894
24153
11613
11578
2584
23963
350
2417
2621
23743
53460
2010
2563
11562
469
830
1909
11524
53051
390
502
270
730
2439
1950
296
311
497
53173
53279
887
2508
24013
2715
2309
2720
24274
53216
11593
1930
973
631
766
53266
643
552
641
2457
618
53504
2506
11595
2337
145
316
2074
1949
53489
640
2480
11600
332
11678
53220
2009
806
23865
378
53517
785
2139
934
501
2078
1901
2395
11628
23961
692
2170
11765
53004
24145
2410
422
2270
1929
2244
53181
2239
23927
1967
728
53328
2568
834
2554
11615
2094
24240
53247
11601
2415
2444
11624
24105
23968
53313
749
24190
2294
2377
24170
53126
1946
24022
23915
24248
23862
243
2084
24018
2272
496
53311
800
2161
191
53143
24005
440
23980
2373
2320
24065
2166
446
24119
24068
24167
53000
53257
735
11538
23824
1962
53402
2175
53462
253
11708
569
11658
11558
2034
53432
220
24098
24021
24054
605
400
11664
537
23995
24126
53110
2057
157
11544
23844
23959
620
53224
11726
53593
314
167
53368
433
2567
2028
11521
53063
2287
588
11519
2193
2677
53222
807
53429
53184
53136
160
828
466
24210
53040
53140
612
2295
2397
53376
425
53195
1952
11769
11745
11787
664
2179
205
2573
677
780
11740
53562
53391
186
53560
831
2279
147
2168
2300
24072
326
53356
676
11560
2127
624
11643
24008
11654
23887
2587
563
2091
23999
2291
24050
916
441
660
2038
248
2488
53263
645
24111
53456
2203
2487
2533
2559
2493
11620
2367
53218
2499
919
24093
768
372
2098
187
53513
2062
2220
2334
297
11685
282
505
921
2324
11729
53205
2112
500
53044
669
23942
53160
53058
738
623
24055
2254
2564
267
635
2019
23900
11550
2835
24046
2073
847
979
2136
23974
53363
1947
53215
53234
53223
24108
2451
53028
694
2358
24011
53124
276
1860
988
2242
24057
53424
24040
2141
2434
229
199
11514
23989
24086
331
24155
2498
621
279
909
2539
53230
1957
53020
261
2065
24176
23842
204
632
11570
53467
24102
2405
11734
11651
53193
2208
23932
23772
53162
543
837
52977
24201
567
293
24188
53458
2030
53053
155
622
2092
53156
2359
24058
53101
24023
53207
11719
2455
53452
359
1974
2501
11559
2323
642
821
840
23952
2171
671
990
759
53095
273
2103
11627
471
2056
1910
2003
2467
53125
24091
2190
23845
810
925
23986
169
2448
11553
872
53414
252
1918
754
24095
2372
2268
53029
23827
24228
783
2247
23838
573
1927
24159
24161
23920
11686
2068
2431
835
53118
844
2364
2008
23921
23861
53369
369
23856
24142
53273
23806
24082
775
24025
53466
11588
11756
11706
53150
628
2339
2421
53509
825
2538
53530
11541
53105
2207
11631
406
2645
741
625
2390
913
53294
2101
366
526
53288
53326
937
1986
2230
765
53122
24073
465
11676
53348
546
820
1966
271
53278
476
720
360
2023
2446
309
2269
789
907
247
752
2639
24136
2496
23873
53447
11508
23876
53498
1972
784
2159
53012
1965
386
558
1895
236
53373
24074
53360
53301
590
397
24052
24063
11609
2149
626
11594
24267
2187
1994
2069
936
2580
24117
2297
53157
2542
2473
2031
53283
2125
2391
2004
2133
651
591
2113
53212
158
928
24237
24247
275
24114
2303
11569
23903
53208
2282
11701
53240
598
922
245
2656
2075
964
1983
2591
704
616
355
24037
562
607
459
53522
53317
2144
829
53141
53269
53018
53094
260
11687
53412
2517
448
2696
571
984
53364
734
255
1993
23944
2414
53190
263
858
23917
2404
23930
23978
321
2071
1884
24003
53284
215
2330
941
2383
188
11548
53411
903
2514
609
615
11727
2224
2177
53046
1880
317
721
2581
23979
53375
53170
23893
2200
24135
53342
11649
23919
2369
722
976
23850
570
11773
24089
2662
24060
942
555
11543
11551
53334
895
53219
24016
53168
226
11703
53145
593
2491
11537
23906
684
404
717
853
2438
432
11561
547
53291
53241
338
53497
2088
2535
325
2316
415
53233
152
2336
1939
53057
327
23914
723
2026
492
2322
143
2217
23819
222
11635
53616
779
748
2566
11572
53529
529
1893
11697
23938
53070
23825
824
716
141
53519
826
24172
2243
2259
23916
11789
935
256
24301
223
595
2326
53199
53463
657
53298
2064
23967
23911
388
911
2001
985
23977
11759
382
53355
53438
908
2050
11599
11592
11662
2258
174
11596
24216
289
967
2472
2067
24157
53538
308
2051
290
474
2582
2663
53381
24261
507
978
24012
427
53394
2218
2036
53178
173
24096
613
11675
23877
23879
540
791
23924
340
24017
24181
52998
703
53537
249
2233
2253
2607
53422
11674
11605
53512
23913
1923
53229
520
2129
53336
2525
24100
254
399
2249
53091
665
1976
2123
11677
53090
944
53175
11681
53048
185
758
23991
301
799
761
661
24066
740
2471
53035
2163
587
2070
11532
1963
2142
11581
23881
198
503
2204
53321
2540
2042
2347
2387
23957
23864
24033
53050
24171
480
53142
53578
838
162
53032
53239
1979
714
11718
53276
53318
364
53080
53103
11661
2630
53129
434
597
747
2460
53322
2318
24221
439
2536
2237
580
2327
2546
2214
542
1980
11555
23898
2355
596
2615
53308
53135
940
11606
24087
2305
2655
11711
2205
2213
24026
559
53446
23934
889
53470
686
2090
1928
24245
482
690
11545
2045
24101
2147
2680
264
24123
24152
330
2341
2422
977
23993
744
11761
430
24195
662
575
11574
712
544
2100
2047
1907
637
525
2153
614
11507
2005
2273
2368
53132
2435
53324
2674
11714
53608
2150
2423
24129
53323
513
726
980
2148
53114
53250
2301
53606
24227
53171
786
577
53527
403
24257
53404
53367
11584
867
522
2401
24148
250
883
53471
2061
23871
287
2022
11695
53177
53161
24080
53518
2653
11735
24125
53359
24146
803
2500
666
11607
2315
771
2739
619
2236
2396
1995
11653
11533
2522
2162
11579
336
23875
1911
53133
2590
568
53351
23929
564
796
23931
633
485
23962
2199
1925
617
2583
405
53163
53191
757
161
2211
53384
1931
974
2352
53024
2565
2382
354
24009
53253
306
948
1998
24106
923
634
582
2478
2648
53081
53556
225
2560
864
2453
53531
483
411
2060
24049
506
367
2248
53344
2261
197
24156
23849
1987
454
343
2124
2012
11665
53069
2375
53306
380
2299
648
53314
23901
345
951
23807
11749
2515
2399
1922
2381
1989
53327
23948
23958
190
53214
11641
53256
953
53358
1956
23947
23818
24094
455
494
2586
11556
53087
11611
210
53587
53099
2356
24004
804
23965
53174
2276
574
24069
24071
2275
23943
898
228
11747
53474
884
53362
53098
53330
1894
179
53481
53445
192
407
11694
53584
2283
362
1988
2389
24246
53107
850
777
2576
798
11716
24036
189
53403
1948
11638
709
2644
322
24076
53681
2523
2673
24175
11565
53408
53532
1944
24151
164
2292
1921
53601
11656
244
2495
53213
675
11731
426
2596
873
53472
53335
53372
2694
11650
23872
11530
11523
409
53483
24232
2599
24231
53248
53597
914
24219
53543
795
2593
2185
288
456
53042
2135
23937
11618
298
53030
11575
53165
532
11571
869
24244
23922
258
710
23802
603
2402
53038
53104
11700
2636
2260
23812
527
2280
11715
53077
219
2257
11722
53049
2512
2351
23888
11630
2206
11547
23867
393
2122
2043
2288
23940
11721
417
53416
638
2151
2534
11540
866
11758
982
349
53287
416
2551
24031
2053
53407
2240
53139
53307
2202
24024
53062
950
972
2617
792
659
24124
2756
2412
23951
53516
2497
2520
24223
310
1943
449
2374
2541
23907
706
200
193
216
53128
218
2191
2479
53444
2169
53296
53265
790
2363
53544
24118
24020
24083
53106
11531
53231
53016
2646
53285
680
313
53209
2183
24147
153
24168
534
2633
23808
2238
52931
1981
2198
11602
663
176
24067
53312
53534
11633
572
23889
23923
53117
2104
53440
53343
53068
2039
510
2519
11577
24193
2449
2716
277
2158
206
2155
1919
53183
53473
53477
53654
2263
182
24255
53390
24141
24038
424
856
2635
53149
53493
24006
2251
23935
11622
2348
53410
353
881
24081
53116
53439
53479
743
53259
53252
11657
391
24099
53366
398
755
53514
2481
11750
845
915
24104
1912
2366
647
2640
23908
53061
53377
566
11728
23820
159
815
2403
963
2429
53382
53405
11732
812
302
395
689
524
24134
24205
848
1913
53151
23880
11691
693
2456
11648
2081
23846
2106
392
24238
23874
2331
11616
2196
11690
53401
551
2055
208
11525
23941
23946
2085
11563
2229
646
892
932
1969
53503
1975
2490
283
2256
53189
11640
846
239
420
442
53398
23853
23925
2041
2502
2605
2503
729
436
672
969
1991
53454
904
53073
211
410
24084
24045
2606
2386
53551
11680
878
23859
2241
423
53237
2561
2000
24185
11580
24034
2093
2007
53533
53245
53130
53290
24194
53347
53286
2494
2027
11746
53083
2425
53476
53260
413
2420
11619
2235
53299
2329
11709
463
24000
2509
53138
53510
23985
2466
2108
24015
719
2285
53433
2307
53102
53076
732
24259
2016
2619
11529
23868
401
2021
2555
351
2025
1978
608
53387
53026
53203
11699
1914
53374
2521
230
328
2530
1973
53154
2484
2670
23987
836
408
644
53300
11539
584
1938
11512
2671
11509
23863
2310
509
11744
2675
11673
53228
2392
652
375
11666
2033
2562
2604
2188
212
53486
209
2558
2610
24127
2250
11582
891
53563
2442
53172
576
11636
2416
11768
11513
24128
961
53131
2658
2216
2221
11720
53436
957
11527
2354
251
514
24224
53123
2156
1933
24122
363
447
53167
356
53511
2049
490
2013
24133
478
53345
11704
700
653
11791
53271
53541
592
991
11748
53451
2284
23954
53361
53371
2052
170
787
149
2215
53388
376
23869
53415
24149
2483
11536
2650
24097
2691
53152
2427
901
24061
53552
53019
451
154
1920
2335
53227
53353
927
53502
53196
578
697
2152
627
2518
24218
53036
11688
11741
24139
11642
2454
23882
816
53389
53500
491
656
24051
52932
23904
24002
2194
53482
23969
670
53622
2637
53319
53235
292
2340
11707
774
894
23878
461
11583
53292
265
1886
389
11683
794
2342
560
11763
2157
535
53086
53270
2271
52996
53332
272
2350
773
24249
2181
11689
214
2234
2245
146
23918
11660
2623
989
23852
11625
11554
53074
1904
910
53169
53075
860
421
2137
11546
2109
53484
750
53295
168
2682
2265
11669
23945
930
23971
23982
2571
802
53093
384
53206
53166
24014
377
11528
2077
53383
24039
53645
2550
650
53249
11506
843
2664
24121
2321
2447
53309
24048
581
11713
53427
53350
11557
462
53027
52999
833
2274
11663
53052
53337
24047
24035
1955
2463
11672
2024
352
23956
2436
2594
53072
11502
23800
381
11549
2400
53261
2035
594
24165
793
53148
2313
53187
11626
498
946
2131
533
11652
53121
53413
148
2114
902
53293
813
2513
24059
2306
23939
2120
2140
53041
861
24184
234
23955
713
207
53060
2751
1924
517
788
2032
2097
53277
2048
11573
156
2437
2017
24041
53333
2452
241
2128
2353
24075
24220
2184
876
53204
2379
23813
246
24088
24258
180
385
2219
23843
2172
24044
23997
11757
629
548
23996
1985
2080
53243
2167
373
53305
24160
23970
238
959
2468
801
299
24019
2333
53078
53112
231
541
863
1999
11705
24085
2319
11736
53378
24028
2349
808
11564
371
53546
24144
24187
966
24079
53325
437
438
2652
23828
23966
53134
954
53302
11684
649
464
419
767
877
23972
53079
196
602
557
23870
23950
2629
24140
184
24264
342
1984
53274
745
2134
606
2107
2511
705
53459
11516
939
11511
23998
2011
333
968
53435
450
453
2531
702
24113
237
2459
53379
24200
165
24252
2262
52918
2622
2006
11517
518
733
53576
23964
53349
943
2143
53392
53449
53487
24001
1940
11610
561
2465
23910
1968
24213
24234
468
Window 1
24132
53380
24191
24243
24150
11767
52945
53417
24177
53539
53272
24207
11632
23790
53119
24180
53428
53496
53202
24029
23831
53683
23960
53164
53180
24070
23926
23860
23836
11634
11567
11723
11668
23953
53485
53549
24235
23811
11629
53453
23992
53623
53197
11692
11698
11591
11585
24163
53176
24053
11646
23983
53478
53097
53303
23896
53441
53426
23902
53338
23973
11753
11534
24107
24112
53255
53357
53113
11733
24183
53602
23988
53423
53262
53406
24182
53153
11603
24174
53397
23847
23936
53535
53329
53200
11725
53031
53501
23990
53236
53242
23841
24010
24143
11644
53264
53289
11576
11702
53251
24169
24056
53304
11724
53188
24007
11814
11515
24032
53144
53395
53448
53574
53084
24197
11612
23928
53370
53244
23839
24278
11623
23892
11598
11637
24030
53201
53192
11717
53221
53430
53443
53386
11766
53246
53014
24229
11710
11751
53232
24120
24254
11526
53280
23776
24077
53064
53400
11671
53194
24166
24215
53120
23912
53115
53268
24275
24186
53023
11614
23909
53108
53499
11590
24131
53022
23981
11587
11667
24290
23899
53297
53054
23884
53536
53385
23837
23933
11739
53455
24062
53540
23885
53480
53346
11518
11760
23975
23799
53089
11510
23840
11621
11645
24090
24138
53316
23814
24109
11742
24116
24027
53066
11788
23858
53071
53225
23905
53354
24092
53275
11589
53393
23897
53182
24211
53340
24078
24130
53545
23949
11682
53365
11712
23829
24064
53155
24162
24212
11738
53464
11670
53282
53352
53469
24203
53092
11566
23833
11586
53396
23984
11743
53315
11639
11737
24042
11568
53281
53210
53198
53137
23890
23883
53450
23815
53431
11779
24199
53034
11730
53088
53217
11755
53065
53158
11693
24043
53127
53437
53475
53238
24214
53457
24226
24250
23994
53159
52997
11696
53468
11604
24192
24196
11597
23886
11542
53109
53320
24276
53056
53047
11608
23854
53096
53100
24273
11808
53226
11659
11655
53310
53055
24115
11679
53211
53179
53254
11535
53258
24103
24173
23891
24233
53146
53331
53399
11647
53267
24110
24230
53339
53037
24154
53186
11552
24242
11617
23894
24153
11613
11578
23963
23743
53460
11562
11524
53051
53173
53279
24013
24274
53216
11593
53266
53504
11595
53489
11600
11678
53220
23865
53517
11628
23961
11765
53004
24145
53181
23927
53328
11615
24240
53247
11601
11624
24105
23968
53313
24190
24170
53126
24022
23915
24248
23862
24018
53311
53143
24005
23980
24065
24119
24068
24167
53000
53257
11538
23824
53402
53462
11708
11658
11558
53432
24098
24021
24054
11664
23995
24126
53110
11544
23844
23959
53224
11726
53593
53368
11521
53063
11519
53222
53429
53184
53136
24210
53040
53140
53376
53195
11769
11745
11787
11740
53562
53391
53560
24072
53356
11560
11643
24008
11654
23887
23999
24050
53263
24111
53456
11620
53218
24093
53513
11685
11729
53205
53044
23942
53160
53058
24055
23900
11550
24046
23974
53363
53215
53234
53223
24108
53028
24011
53124
24057
53424
24040
11514
23989
24086
24155
53230
53020
24176
23842
11570
53467
24102
11734
11651
53193
23932
23772
53162
52977
24201
24188
53458
53053
53156
24058
53101
24023
53207
11719
53452
11559
23952
53095
11627
53125
24091
23845
23986
11553
53414
24095
53029
23827
24228
23838
24159
24161
23920
11686
53118
23921
23861
53369
23856
24142
53273
23806
24082
24025
53466
11588
11756
11706
53150
53509
53530
11541
53105
11631
53294
53288
53326
53122
24073
11676
53348
53278
24136
23873
53447
11508
23876
53498
53012
53373
24074
53360
53301
24052
24063
11609
11594
24267
24117
53157
53283
53212
24237
24247
24114
11569
23903
53208
11701
53240
24037
53522
53317
53141
53269
53018
53094
11687
53412
53364
23944
53190
23917
23930
23978
24003
53284
11548
53411
11727
53046
23979
53375
53170
23893
24135
53342
11649
23919
23850
11773
24089
24060
11543
11551
53334
53219
24016
53168
11703
53145
11537
23906
11561
53291
53241
53497
53233
53057
23914
23819
11635
53616
11572
53529
11697
23938
53070
23825
53519
24172
23916
11789
24301
53199
53463
53298
23967
23911
23977
11759
53355
53438
11599
11592
11662
11596
24216
24157
53538
53381
24261
24012
53394
53178
24096
11675
23877
23879
23924
24017
24181
52998
53537
53422
11674
11605
53512
23913
53229
53336
24100
53091
11677
53090
53175
11681
53048
23991
24066
53035
11532
11581
23881
53321
23957
23864
24033
53050
24171
53142
53578
53032
53239
11718
53276
53318
53080
53103
11661
53129
53322
24221
11555
23898
53308
53135
11606
24087
11711
24026
53446
23934
53470
24245
11545
24101
24123
24152
23993
11761
24195
11574
11507
53132
53324
11714
53608
24129
53323
53114
53250
53606
24227
53171
53527
24257
53404
53367
11584
24148
53471
23871
11695
53177
53161
24080
53518
11735
24125
53359
24146
11607
11653
11533
11579
23875
53133
53351
23929
23931
23962
53163
53191
53384
53024
24009
53253
24106
53081
53556
53531
24049
53344
24156
23849
11665
53069
53306
53314
23901
23807
11749
53327
23948
23958
53214
11641
53256
53358
23947
23818
24094
11556
53087
11611
53587
53099
24004
23965
53174
24069
24071
23943
11747
53474
53362
53098
53330
53481
53445
11694
53584
24246
53107
11716
24036
53403
11638
24076
53681
24175
11565
53408
53532
24151
53601
11656
53213
11731
53472
53335
53372
11650
23872
11530
11523
53483
24232
24231
53248
53597
24219
53543
53042
23937
11618
53030
11575
53165
11571
24244
23922
23802
53038
53104
11700
23812
11715
53077
11722
53049
23888
11630
11547
23867
23940
11721
53416
11540
11758
53287
24031
53407
53139
53307
24024
53062
24124
23951
53516
24223
23907
53128
53444
53296
53265
53544
24118
24020
24083
53106
11531
53231
53016
53285
53209
24147
24168
23808
52931
11602
24067
53312
53534
11633
23889
23923
53117
53440
53343
53068
11577
24193
53183
53473
53477
53654
24255
53390
24141
24038
53149
53493
24006
23935
11622
53410
24081
53116
53439
53479
53259
53252
11657
24099
53366
53514
11750
24104
23908
53061
53377
11728
23820
53382
53405
11732
24134
24205
53151
23880
11691
11648
23846
24238
23874
11616
11690
53401
11525
23941
23946
11563
53503
53189
11640
53398
23853
23925
53454
53073
24084
24045
53551
11680
23859
53237
24185
11580
24034
53533
53245
53130
53290
24194
53347
53286
11746
53083
53476
53260
11619
53299
11709
24000
53138
53510
23985
24015
53433
53102
53076
24259
11529
23868
53387
53026
53203
11699
53374
53154
23987
53300
11539
11512
11509
23863
11744
11673
53228
11666
53486
24127
11582
53563
53172
11636
11768
11513
24128
53131
11720
53436
11527
24224
53123
24122
53167
53511
24133
53345
11704
11791
53271
53541
11748
53451
23954
53361
53371
53388
23869
53415
24149
11536
24097
53152
24061
53552
53019
53227
53353
53502
53196
24218
53036
11688
11741
24139
11642
23882
53389
53500
24051
52932
23904
24002
53482
23969
53622
53319
53235
11707
23878
11583
53292
11683
11763
53086
53270
52996
53332
24249
11689
23918
11660
23852
11625
11554
53074
53169
53075
11546
53484
53295
11669
23945
23971
23982
53093
53206
53166
24014
11528
53383
24039
53645
53249
11506
24121
53309
24048
11713
53427
53350
11557
53027
52999
11663
53052
53337
24047
24035
11672
23956
53072
11502
23800
11549
53261
24165
53148
53187
11626
11652
53121
53413
53293
24059
23939
53041
24184
23955
53060
53277
11573
24041
53333
24075
24220
53204
23813
24088
24258
23843
24044
23997
11757
23996
53243
53305
24160
23970
24019
53078
53112
11705
24085
11736
53378
24028
11564
53546
24144
24187
24079
53325
23828
23966
53134
53302
11684
23972
53079
23870
23950
24140
24264
53274
53459
11516
11511
23998
53435
24113
53379
24200
24252
52918
11517
53576
23964
53349
53392
53449
53487
24001
11610
23910
24213
24234
Window 2
24132
53380
24191
24243
24150
11767
52945
53417
24177
53539
53272
24207
11632
23790
53119
24180
53428
53496
53202
24029
23831
53683
23960
53164
53180
24070
23926
23860
23836
11634
11567
11723
11668
23953
53485
53549
24235
23811
11629
53453
23992
53623
53197
11692
11698
11591
11585
24163
53176
24053
11646
23983
53478
53097
53303
23896
53441
53426
23902
53338
23973
11753
11534
24107
24112
53255
53357
53113
11733
24183
53602
23988
53423
53262
53406
24182
53153
11603
24174
53397
23847
23936
53535
53329
53200
11725
53031
53501
23990
53236
53242
23841
24010
24143
11644
53264
53289
11576
11702
53251
24169
24056
53304
11724
53188
24007
11814
11515
24032
53144
53395
53448
53574
53084
24197
11612
23928
53370
53244
23839
24278
11623
23892
11598
11637
24030
53201
53192
11717
53221
53430
53443
53386
11766
53246
53014
24229
11710
11751
53232
24120
24254
11526
53280
23776
24077
53064
53400
11671
53194
24166
24215
53120
23912
53115
53268
24275
24186
53023
11614
23909
53108
53499
11590
24131
53022
23981
11587
11667
24290
23899
53297
53054
23884
53536
53385
23837
23933
11739
53455
24062
53540
23885
53480
53346
11518
11760
23975
23799
53089
11510
23840
11621
11645
24090
24138
53316
23814
24109
11742
24116
24027
53066
11788
23858
53071
53225
23905
53354
24092
53275
11589
53393
23897
53182
24211
53340
24078
24130
53545
23949
11682
53365
11712
23829
24064
53155
24162
24212
11738
53464
11670
53282
53352
53469
24203
53092
11566
23833
11586
53396
23984
11743
53315
11639
11737
24042
11568
53281
53210
53198
53137
23890
23883
53450
23815
53431
11779
24199
53034
11730
53088
53217
11755
53065
53158
11693
24043
53127
53437
53475
53238
24214
53457
24226
24250
23994
53159
52997
11696
53468
11604
24192
24196
11597
23886
11542
53109
53320
24276
53056
53047
11608
23854
53096
53100
24273
11808
53226
11659
11655
53310
53055
24115
11679
53211
53179
53254
11535
53258
24103
24173
23891
24233
53146
53331
53399
11647
53267
24110
24230
53339
53037
24154
53186
11552
24242
11617
23894
24153
11613
11578
23963
23743
53460
11562
11524
53051
53173
53279
24013
24274
53216
11593
53266
53504
11595
53489
11600
11678
53220
23865
53517
11628
23961
11765
53004
24145
53181
23927
53328
11615
24240
53247
11601
11624
24105
23968
53313
24190
24170
53126
24022
23915
24248
23862
24018
53311
53143
24005
23980
24065
24119
24068
24167
53000
53257
11538
23824
53402
53462
11708
11658
11558
53432
24098
24021
24054
11664
23995
24126
53110
11544
23844
23959
53224
11726
53593
53368
11521
53063
11519
53222
53429
53184
53136
24210
53040
53140
53376
53195
11769
11745
11787
11740
53562
53391
53560
24072
53356
11560
11643
24008
11654
23887
23999
24050
53263
24111
53456
11620
53218
24093
53513
11685
11729
53205
53044
23942
53160
53058
24055
23900
11550
24046
23974
53363
53215
53234
53223
24108
53028
24011
53124
24057
53424
24040
11514
23989
24086
24155
53230
53020
24176
23842
11570
53467
24102
11734
11651
53193
23932
23772
53162
52977
24201
24188
53458
53053
53156
24058
53101
24023
53207
11719
53452
11559
23952
53095
11627
53125
24091
23845
23986
11553
53414
24095
53029
23827
24228
23838
24159
24161
23920
11686
53118
23921
23861
53369
23856
24142
53273
23806
24082
24025
53466
11588
11756
11706
53150
53509
53530
11541
53105
11631
53294
53288
53326
53122
24073
11676
53348
53278
24136
23873
53447
11508
23876
53498
53012
53373
24074
53360
53301
24052
24063
11609
11594
24267
24117
53157
53283
53212
24237
24247
24114
11569
23903
53208
11701
53240
24037
53522
53317
53141
53269
53018
53094
11687
53412
53364
23944
53190
23917
23930
23978
24003
53284
11548
53411
11727
53046
23979
53375
53170
23893
24135
53342
11649
23919
23850
11773
24089
24060
11543
11551
53334
53219
24016
53168
11703
53145
11537
23906
11561
53291
53241
53497
53233
53057
23914
23819
11635
53616
11572
53529
11697
23938
53070
23825
53519
24172
23916
11789
24301
53199
53463
53298
23967
23911
23977
11759
53355
53438
11599
11592
11662
11596
24216
24157
53538
53381
24261
24012
53394
53178
24096
11675
23877
23879
23924
24017
24181
52998
53537
53422
11674
11605
53512
23913
53229
53336
24100
53091
11677
53090
53175
11681
53048
23991
24066
53035
11532
11581
23881
53321
23957
23864
24033
53050
24171
53142
53578
53032
53239
11718
53276
53318
53080
53103
11661
53129
53322
24221
11555
23898
53308
53135
11606
24087
11711
24026
53446
23934
53470
24245
11545
24101
24123
24152
23993
11761
24195
11574
11507
53132
53324
11714
53608
24129
53323
53114
53250
53606
24227
53171
53527
24257
53404
53367
11584
24148
53471
23871
11695
53177
53161
24080
53518
11735
24125
53359
24146
11607
11653
11533
11579
23875
53133
53351
23929
23931
23962
53163
53191
53384
53024
24009
53253
24106
53081
53556
53531
24049
53344
24156
23849
11665
53069
53306
53314
23901
23807
11749
53327
23948
23958
53214
11641
53256
53358
23947
23818
24094
11556
53087
11611
53587
53099
24004
23965
53174
24069
24071
23943
11747
53474
53362
53098
53330
53481
53445
11694
53584
24246
53107
11716
24036
53403
11638
24076
53681
24175
11565
53408
53532
24151
53601
11656
53213
11731
53472
53335
53372
11650
23872
11530
11523
53483
24232
24231
53248
53597
24219
53543
53042
23937
11618
53030
11575
53165
11571
24244
23922
23802
53038
53104
11700
23812
11715
53077
11722
53049
23888
11630
11547
23867
23940
11721
53416
11540
11758
53287
24031
53407
53139
53307
24024
53062
24124
23951
53516
24223
23907
53128
53444
53296
53265
53544
24118
24020
24083
53106
11531
53231
53016
53285
53209
24147
24168
23808
52931
11602
24067
53312
53534
11633
23889
23923
53117
53440
53343
53068
11577
24193
53183
53473
53477
53654
24255
53390
24141
24038
53149
53493
24006
23935
11622
53410
24081
53116
53439
53479
53259
53252
11657
24099
53366
53514
11750
24104
23908
53061
53377
11728
23820
53382
53405
11732
24134
24205
53151
23880
11691
11648
23846
24238
23874
11616
11690
53401
11525
23941
23946
11563
53503
53189
11640
53398
23853
23925
53454
53073
24084
24045
53551
11680
23859
53237
24185
11580
24034
53533
53245
53130
53290
24194
53347
53286
11746
53083
53476
53260
11619
53299
11709
24000
53138
53510
23985
24015
53433
53102
53076
24259
11529
23868
53387
53026
53203
11699
53374
53154
23987
53300
11539
11512
11509
23863
11744
11673
53228
11666
53486
24127
11582
53563
53172
11636
11768
11513
24128
53131
11720
53436
11527
24224
53123
24122
53167
53511
24133
53345
11704
11791
53271
53541
11748
53451
23954
53361
53371
53388
23869
53415
24149
11536
24097
53152
24061
53552
53019
53227
53353
53502
53196
24218
53036
11688
11741
24139
11642
23882
53389
53500
24051
52932
23904
24002
53482
23969
53622
53319
53235
11707
23878
11583
53292
11683
11763
53086
53270
52996
53332
24249
11689
23918
11660
23852
11625
11554
53074
53169
53075
11546
53484
53295
11669
23945
23971
23982
53093
53206
53166
24014
11528
53383
24039
53645
53249
11506
24121
53309
24048
11713
53427
53350
11557
53027
52999
11663
53052
53337
24047
24035
11672
23956
53072
11502
23800
11549
53261
24165
53148
53187
11626
11652
53121
53413
53293
24059
23939
53041
24184
23955
53060
53277
11573
24041
53333
24075
24220
53204
23813
24088
24258
23843
24044
23997
11757
23996
53243
53305
24160
23970
24019
53078
53112
11705
24085
11736
53378
24028
11564
53546
24144
24187
24079
53325
23828
23966
53134
53302
11684
23972
53079
23870
23950
24140
24264
53274
53459
11516
11511
23998
53435
24113
53379
24200
24252
52918
11517
53576
23964
53349
53392
53449
53487
24001
11610
23910
24213
24234
Window 3
24132
53380
24191
24243
24150
52945
53417
111781
111663
24177
53539
53272
111697
24207
111872
111788
23790
53119
111894
24180
53428
53496
53202
24029
111730
23831
53683
111733
23960
111592
53164
111519
53180
24070
23926
111797
111504
23860
111746
23836
111636
23953
53485
53549
24235
23811
53453
23992
53623
53197
111742
111573
111799
111600
111753
24163
53176
24053
111889
23983
53478
53097
53303
23896
53441
53426
23902
53338
23973
24107
24112
53255
111827
53357
53113
111685
111887
24183
53602
23988
111675
53423
53262
53406
24182
53153
24174
53397
111510
23847
111633
23936
53535
53329
53200
53031
53501
23990
53236
53242
23841
111744
24010
24143
53264
53289
111882
111501
111659
53251
111486
24169
24056
53304
111595
111579
111628
111876
53188
111795
24007
111883
111606
111620
111728
24032
53144
53395
53448
111645
53574
53084
111483
24197
23928
53370
53244
23839
111808
24278
111720
23892
111586
111598
111751
111654
111830
111893
111546
111565
24030
53201
53192
53221
111695
53430
53443
53386
111886
53246
111505
53014
111664
24229
53232
24120
111895
24254
53280
111542
111497
111813
23776
24077
111588
111693
53064
111655
53400
111707
111608
53194
24166
24215
111508
53120
111496
23912
53115
53268
111557
111613
24275
24186
53023
23909
53108
53499
24131
111737
111512
111878
111773
53022
111902
111569
111495
23981
111601
111630
111867
24290
111509
23899
53297
111905
53054
111786
111513
111873
23884
53536
111750
53385
23837
23933
111806
53455
24062
111706
53540
23885
53480
53346
111604
111896
23975
111528
23799
53089
111892
23840
24090
24138
111648
53316
23814
24109
24116
24027
111823
53066
111800
23858
53071
111819
111807
53225
111824
23905
53354
24092
111842
53275
111522
53393
111775
111809
23897
53182
24211
53340
24078
24130
111898
53545
23949
53365
111568
111722
23829
24064
111523
53155
24162
111607
24212
111591
53464
111602
111731
53282
111702
53352
53469
111740
24203
53092
111616
23833
111681
53396
111888
23984
53315
111804
24042
111676
53281
111907
53210
111818
53198
111881
53137
23890
23883
53450
23815
53431
24199
53034
111714
53088
111848
111899
53217
53065
53158
24043
111656
53127
111652
53437
111841
53475
53238
24214
53457
111680
24226
111551
24250
23994
53159
52997
111610
111757
53468
24192
24196
111514
23886
111796
53109
53320
24276
53056
53047
23854
53096
53100
24273
111489
111520
53226
111885
111661
111727
53310
53055
24115
53211
53179
53254
111518
53258
24103
111599
24173
23891
24233
53146
111494
53331
53399
53267
24110
24230
53339
53037
24154
53186
111555
111534
111748
111584
24242
111822
23894
24153
111846
23963
23743
53460
111502
53051
111623
53173
53279
111847
24013
24274
53216
111866
111747
111754
53266
53504
53489
53220
111532
23865
53517
111859
111548
23961
111583
53004
111668
24145
53181
23927
111723
111761
53328
24240
53247
111712
24105
23968
111619
53313
24190
24170
53126
24022
23915
24248
23862
24018
53311
53143
24005
111771
111617
23980
111560
111550
24065
111669
24119
24068
24167
53000
53257
23824
111915
53402
111862
53462
53432
24098
24021
24054
23995
24126
53110
111500
111755
23844
23959
53224
111629
53593
53368
111594
53063
111736
53222
111563
53429
53184
53136
24210
53040
53140
53376
53195
111566
111644
53562
53391
53560
111741
24072
111593
53356
24008
23887
23999
24050
53263
24111
53456
111709
53218
24093
53513
53205
111692
53044
111533
23942
53160
53058
111734
24055
23900
24046
111792
111877
23974
53363
111704
53215
111790
53234
53223
111860
24108
53028
111724
111498
24011
111677
53124
24057
53424
24040
111689
111574
111618
23989
24086
24155
111713
53230
111682
53020
111493
24176
111844
23842
53467
111488
111529
24102
53193
23932
23772
53162
52977
111614
24201
111849
24188
53458
53053
53156
111561
24058
53101
24023
53207
111710
53452
23952
111562
111572
53095
53125
24091
111835
23845
23986
53414
111826
24095
111916
53029
23827
111875
24228
23838
111480
24159
24161
23920
53118
23921
23861
53369
23856
24142
53273
111527
23806
24082
24025
53466
111524
53150
53509
53530
53105
111897
53294
111521
111658
53288
53326
53122
24073
53348
53278
111582
111596
111499
24136
111820
111611
23873
53447
23876
53498
53012
53373
24074
53360
53301
111650
24052
24063
24267
111856
24117
53157
53283
53212
24237
24247
24114
23903
53208
53240
111567
111810
111670
24037
111662
53522
53317
53141
53269
53018
53094
53412
111575
53364
23944
53190
23917
23930
23978
24003
53284
111609
53411
53046
23979
53375
53170
23893
24135
111814
53342
23919
23850
24089
24060
111782
53334
53219
24016
111553
53168
111701
111801
53145
111537
23906
111679
111834
111643
53291
53241
53497
111672
53233
53057
23914
23819
53616
53529
111784
23938
53070
111858
23825
111580
53519
24172
23916
24301
111811
111612
53199
53463
53298
23967
23911
23977
111590
53355
53438
111774
111577
111837
24216
111738
111735
111585
111772
24157
53538
111719
53381
24261
24012
53394
53178
24096
111828
111802
23877
23879
111691
23924
24017
24181
52998
53537
111507
111673
53422
53512
111765
23913
53229
53336
24100
53091
111686
53090
111487
53175
53048
23991
111794
111634
24066
53035
111864
111541
111879
23881
53321
111639
23957
23864
24033
53050
24171
111552
53142
111543
53578
53032
53239
53276
53318
111863
53080
53103
53129
53322
24221
111538
23898
53308
111717
53135
24087
111857
24026
53446
23934
53470
24245
24101
24123
24152
23993
24195
111651
111768
53132
53324
111694
53608
24129
53323
53114
111587
53250
111642
111791
53606
111570
24227
53171
53527
24257
53404
111627
53367
111868
24148
53471
111635
23871
111759
111506
53177
53161
24080
53518
24125
53359
111853
24146
111745
23875
53133
111624
111729
53351
23929
23931
111640
23962
53163
53191
111749
53384
111803
53024
24009
53253
111683
24106
53081
53556
111854
53531
24049
53344
24156
23849
111903
53069
53306
53314
23901
23807
111688
53327
23948
23958
53214
53256
53358
23947
23818
24094
53087
53587
53099
24004
23965
53174
111678
111843
24069
24071
23943
53474
53362
53098
111874
53330
53481
53445
111690
111621
53584
111703
24246
53107
111674
24036
111517
111838
53403
111699
24076
53681
24175
53408
53532
24151
111558
53601
111752
53213
111535
111762
53472
53335
53372
111770
23872
111764
111836
53483
24232
24231
111816
53248
53597
24219
53543
111491
111850
53042
23937
111547
53030
53165
24244
23922
23802
53038
53104
23812
111647
53077
53049
111789
23888
23867
23940
111578
111725
111544
53416
111605
53287
24031
53407
53139
53307
24024
53062
111880
24124
23951
53516
24223
111631
23907
53128
53444
53296
111890
111653
53265
53544
111832
24118
111777
24020
24083
111743
111758
53106
53231
53016
53285
111780
111715
53209
111667
24147
24168
111913
111840
23808
111615
52931
111589
24067
53312
53534
23889
23923
111870
53117
53440
53343
53068
24193
111845
111815
53183
53473
53477
53654
111793
24255
53390
24141
24038
111526
53149
53493
24006
111646
23935
53410
111516
24081
53116
53439
53479
53259
53252
24099
111625
53366
53514
111852
24104
23908
53061
53377
23820
53382
53405
24134
24205
53151
23880
111556
23846
24238
23874
53401
111732
23941
23946
111660
111696
53503
53189
111666
53398
111726
23853
23925
53454
53073
111831
111490
24084
111783
24045
111554
53551
23859
111769
111798
53237
24185
24034
111632
111865
53533
53245
53130
53290
24194
53347
111603
53286
53083
53476
53260
53299
24000
53138
53510
23985
24015
53433
53102
53076
24259
111855
111760
23868
111525
53387
53026
53203
53374
53154
111891
23987
53300
23863
111687
53228
53486
111700
24127
111571
53563
53172
24128
53131
111576
111884
53436
24224
53123
24122
53167
53511
24133
53345
111839
53271
53541
53451
23954
53361
53371
53388
111698
23869
53415
24149
111511
111739
24097
53152
111767
24061
53552
53019
53227
53353
111649
53502
111721
53196
111821
24218
53036
24139
111871
23882
53389
53500
111665
24051
52932
23904
111708
24002
53482
23969
53622
111539
53319
53235
111817
111503
23878
111718
53292
111626
111812
111763
53086
53270
52996
111766
53332
24249
23918
111637
111479
23852
111581
111785
53074
111559
53169
53075
53484
53295
23945
23971
23982
111829
53093
53206
53166
24014
53383
24039
53645
53249
111912
24121
53309
111597
24048
53427
53350
53027
52999
111671
53052
53337
24047
24035
111776
23956
111900
53072
23800
111833
53261
111825
24165
111536
53148
53187
53121
53413
53293
24059
23939
53041
24184
23955
53060
111530
111540
53277
24041
53333
111622
24075
24220
53204
23813
111778
24088
111805
111756
24258
23843
24044
23997
23996
111705
53243
53305
24160
23970
111641
111861
24019
53078
53112
24085
111851
53378
111869
24028
111657
53546
111684
24144
24187
111923
24079
53325
23828
23966
53134
111564
53302
23972
53079
111711
111492
23870
23950
24140
111787
24264
53274
111638
111716
53459
23998
111920
53435
111515
111545
24113
111549
53379
24200
24252
52918
111779
53576
23964
53349
53392
111531
53449
53487
24001
23910
24213
24234
Window 4
24132
53380
24191
24243
24150
52945
53417
111781
111663
24177
53539
53272
111697
24207
111872
111788
23790
53119
111894
24180
53428
53496
53202
24029
111730
23831
53683
111733
23960
111592
53164
111519
53180
24070
23926
111797
111504
23860
111746
23836
111636
23953
53485
53549
24235
23811
53453
23992
53623
53197
111742
111573
111799
111600
111753
24163
53176
24053
111889
23983
53478
53097
53303
23896
53441
53426
23902
53338
23973
24107
24112
53255
111827
53357
53113
111685
111887
24183
53602
23988
111675
53423
53262
53406
24182
53153
24174
53397
111510
23847
111633
23936
53535
53329
53200
53031
53501
23990
53236
53242
23841
111744
24010
24143
53264
53289
111882
111501
111659
53251
111486
24169
24056
53304
111595
111579
111628
111876
53188
111795
24007
111883
111606
111620
111728
24032
53144
53395
53448
111645
53574
53084
111483
24197
23928
53370
53244
23839
111808
24278
111720
23892
111586
111598
111751
111654
111830
111893
111546
111565
24030
53201
53192
53221
111695
53430
53443
53386
111886
53246
111505
53014
111664
24229
53232
24120
111895
24254
53280
111542
111497
111813
23776
24077
111588
111693
53064
111655
53400
111707
111608
53194
24166
24215
111508
53120
111496
23912
53115
53268
111557
111613
24275
24186
53023
23909
53108
53499
24131
111737
111512
111878
111773
53022
111902
111569
111495
23981
111601
111630
111867
24290
111509
23899
53297
111905
53054
111786
111513
111873
23884
53536
111750
53385
23837
23933
111806
53455
24062
111706
53540
23885
53480
53346
111604
111896
23975
111528
23799
53089
111892
23840
24090
24138
111648
53316
23814
24109
24116
24027
111823
53066
111800
23858
53071
111819
111807
53225
111824
23905
53354
24092
111842
53275
111522
53393
111775
111809
23897
53182
24211
53340
24078
24130
111898
53545
23949
53365
111568
111722
23829
24064
111523
53155
24162
111607
24212
111591
53464
111602
111731
53282
111702
53352
53469
111740
24203
53092
111616
23833
111681
53396
111888
23984
53315
111804
24042
111676
53281
111907
53210
111818
53198
111881
53137
23890
23883
53450
23815
53431
24199
53034
111714
53088
111848
111899
53217
53065
53158
24043
111656
53127
111652
53437
111841
53475
53238
24214
53457
111680
24226
111551
24250
23994
53159
52997
111610
111757
53468
24192
24196
111514
23886
111796
53109
53320
24276
53056
53047
23854
53096
53100
24273
111489
111520
53226
111885
111661
111727
53310
53055
24115
53211
53179
53254
111518
53258
24103
111599
24173
23891
24233
53146
111494
53331
53399
53267
24110
24230
53339
53037
24154
53186
111555
111534
111748
111584
24242
111822
23894
24153
111846
23963
23743
53460
111502
53051
111623
53173
53279
111847
24013
24274
53216
111866
111747
111754
53266
53504
53489
53220
111532
23865
53517
111859
111548
23961
111583
53004
111668
24145
53181
23927
111723
111761
53328
24240
53247
111712
24105
23968
111619
53313
24190
24170
53126
24022
23915
24248
23862
24018
53311
53143
24005
111771
111617
23980
111560
111550
24065
111669
24119
24068
24167
53000
53257
23824
111915
53402
111862
53462
53432
24098
24021
24054
23995
24126
53110
111500
111755
23844
23959
53224
111629
53593
53368
111594
53063
111736
53222
111563
53429
53184
53136
24210
53040
53140
53376
53195
111566
111644
53562
53391
53560
111741
24072
111593
53356
24008
23887
23999
24050
53263
24111
53456
111709
53218
24093
53513
53205
111692
53044
111533
23942
53160
53058
111734
24055
23900
24046
111792
111877
23974
53363
111704
53215
111790
53234
53223
111860
24108
53028
111724
111498
24011
111677
53124
24057
53424
24040
111689
111574
111618
23989
24086
24155
111713
53230
111682
53020
111493
24176
111844
23842
53467
111488
111529
24102
53193
23932
23772
53162
52977
111614
24201
111849
24188
53458
53053
53156
111561
24058
53101
24023
53207
111710
53452
23952
111562
111572
53095
53125
24091
111835
23845
23986
53414
111826
24095
111916
53029
23827
111875
24228
23838
111480
24159
24161
23920
53118
23921
23861
53369
23856
24142
53273
111527
23806
24082
24025
53466
111524
53150
53509
53530
53105
111897
53294
111521
111658
53288
53326
53122
24073
53348
53278
111582
111596
111499
24136
111820
111611
23873
53447
23876
53498
53012
53373
24074
53360
53301
111650
24052
24063
24267
111856
24117
53157
53283
53212
24237
24247
24114
23903
53208
53240
111567
111810
111670
24037
111662
53522
53317
53141
53269
53018
53094
53412
111575
53364
23944
53190
23917
23930
23978
24003
53284
111609
53411
53046
23979
53375
53170
23893
24135
111814
53342
23919
23850
24089
24060
111782
53334
53219
24016
111553
53168
111701
111801
53145
111537
23906
111679
111834
111643
53291
53241
53497
111672
53233
53057
23914
23819
53616
53529
111784
23938
53070
111858
23825
111580
53519
24172
23916
24301
111811
111612
53199
53463
53298
23967
23911
23977
111590
53355
53438
111774
111577
111837
24216
111738
111735
111585
111772
24157
53538
111719
53381
24261
24012
53394
53178
24096
111828
111802
23877
23879
111691
23924
24017
24181
52998
53537
111507
111673
53422
53512
111765
23913
53229
53336
24100
53091
111686
53090
111487
53175
53048
23991
111794
111634
24066
53035
111864
111541
111879
23881
53321
111639
23957
23864
24033
53050
24171
111552
53142
111543
53578
53032
53239
53276
53318
111863
53080
53103
53129
53322
24221
111538
23898
53308
111717
53135
24087
111857
24026
53446
23934
53470
24245
24101
24123
24152
23993
24195
111651
111768
53132
53324
111694
53608
24129
53323
53114
111587
53250
111642
111791
53606
111570
24227
53171
53527
24257
53404
111627
53367
111868
24148
53471
111635
23871
111759
111506
53177
53161
24080
53518
24125
53359
111853
24146
111745
23875
53133
111624
111729
53351
23929
23931
111640
23962
53163
53191
111749
53384
111803
53024
24009
53253
111683
24106
53081
53556
111854
53531
24049
53344
24156
23849
111903
53069
53306
53314
23901
23807
111688
53327
23948
23958
53214
53256
53358
23947
23818
24094
53087
53587
53099
24004
23965
53174
111678
111843
24069
24071
23943
53474
53362
53098
111874
53330
53481
53445
111690
111621
53584
111703
24246
53107
111674
24036
111517
111838
53403
111699
24076
53681
24175
53408
53532
24151
111558
53601
111752
53213
111535
111762
53472
53335
53372
111770
23872
111764
111836
53483
24232
24231
111816
53248
53597
24219
53543
111491
111850
53042
23937
111547
53030
53165
24244
23922
23802
53038
53104
23812
111647
53077
53049
111789
23888
23867
23940
111578
111725
111544
53416
111605
53287
24031
53407
53139
53307
24024
53062
111880
24124
23951
53516
24223
111631
23907
53128
53444
53296
111890
111653
53265
53544
111832
24118
111777
24020
24083
111743
111758
53106
53231
53016
53285
111780
111715
53209
111667
24147
24168
111913
111840
23808
111615
52931
111589
24067
53312
53534
23889
23923
111870
53117
53440
53343
53068
24193
111845
111815
53183
53473
53477
53654
111793
24255
53390
24141
24038
111526
53149
53493
24006
111646
23935
53410
111516
24081
53116
53439
53479
53259
53252
24099
111625
53366
53514
111852
24104
23908
53061
53377
23820
53382
53405
24134
24205
53151
23880
111556
23846
24238
23874
53401
111732
23941
23946
111660
111696
53503
53189
111666
53398
111726
23853
23925
53454
53073
111831
111490
24084
111783
24045
111554
53551
23859
111769
111798
53237
24185
24034
111632
111865
53533
53245
53130
53290
24194
53347
111603
53286
53083
53476
53260
53299
24000
53138
53510
23985
24015
53433
53102
53076
24259
111855
111760
23868
111525
53387
53026
53203
53374
53154
111891
23987
53300
23863
111687
53228
53486
111700
24127
111571
53563
53172
24128
53131
111576
111884
53436
24224
53123
24122
53167
53511
24133
53345
111839
53271
53541
53451
23954
53361
53371
53388
111698
23869
53415
24149
111511
111739
24097
53152
111767
24061
53552
53019
53227
53353
111649
53502
111721
53196
111821
24218
53036
24139
111871
23882
53389
53500
111665
24051
52932
23904
111708
24002
53482
23969
53622
111539
53319
53235
111817
111503
23878
111718
53292
111626
111812
111763
53086
53270
52996
111766
53332
24249
23918
111637
111479
23852
111581
111785
53074
111559
53169
53075
53484
53295
23945
23971
23982
111829
53093
53206
53166
24014
53383
24039
53645
53249
111912
24121
53309
111597
24048
53427
53350
53027
52999
111671
53052
53337
24047
24035
111776
23956
111900
53072
23800
111833
53261
111825
24165
111536
53148
53187
53121
53413
53293
24059
23939
53041
24184
23955
53060
111530
111540
53277
24041
53333
111622
24075
24220
53204
23813
111778
24088
111805
111756
24258
23843
24044
23997
23996
111705
53243
53305
24160
23970
111641
111861
24019
53078
53112
24085
111851
53378
111869
24028
111657
53546
111684
24144
24187
111923
24079
53325
23828
23966
53134
111564
53302
23972
53079
111711
111492
23870
23950
24140
111787
24264
53274
111638
111716
53459
23998
111920
53435
111515
111545
24113
111549
53379
24200
24252
52918
111779
53576
23964
53349
53392
111531
53449
53487
24001
23910
24213
24234
Window 5
53380
52945
53417
111781
111663
53539
53272
111697
111872
111788
53119
111894
53428
53496
53202
111730
53683
111733
111592
53164
111519
53180
111797
111504
111746
111636
53485
53549
53453
53623
53197
111742
111573
111799
111600
111753
53176
111889
53478
53097
53303
53441
53426
53338
53255
111827
53357
53113
111685
111887
53602
111675
53423
53262
53406
53153
53397
111510
111633
53535
53329
53200
53031
53501
53236
53242
111744
53264
53289
111882
111501
111659
53251
111486
53304
111595
111579
111628
111876
53188
111795
111883
111606
111620
111728
53144
53395
53448
111645
53574
53084
111483
53370
53244
111808
111720
111586
111598
111751
111654
111830
111893
111546
111565
53201
53192
53221
111695
53430
53443
53386
111886
53246
111505
53014
111664
53232
111895
53280
111542
111497
111813
111588
111693
53064
111655
53400
111707
111608
53194
111508
53120
111496
53115
53268
111557
111613
53023
53108
53499
111737
111512
111878
111773
53022
111902
111569
111495
111601
111630
111867
111509
53297
111905
53054
111786
111513
111873
53536
111750
53385
111806
53455
111706
53540
53480
53346
111604
111896
111528
53089
111892
111648
53316
111823
53066
111800
53071
111819
111807
53225
111824
53354
111842
53275
111522
53393
111775
111809
53182
53340
111898
53545
53365
111568
111722
111523
53155
111607
111591
53464
111602
111731
53282
111702
53352
53469
111740
53092
111616
111681
53396
111888
53315
111804
111676
53281
111907
53210
111818
53198
111881
53137
53450
53431
53034
111714
53088
111848
111899
53217
53065
53158
111656
53127
111652
53437
111841
53475
53238
53457
111680
111551
53159
52997
111610
111757
53468
111514
111796
53109
53320
53056
53047
53096
53100
111489
111520
53226
111885
111661
111727
53310
53055
53211
53179
53254
111518
53258
111599
53146
111494
53331
53399
53267
53339
53037
53186
111555
111534
111748
111584
111822
111846
53460
111502
53051
111623
53173
53279
111847
53216
111866
111747
111754
53266
53504
53489
53220
111532
53517
111859
111548
111583
53004
111668
53181
111723
111761
53328
53247
111712
111619
53313
53126
53311
53143
111771
111617
111560
111550
111669
53000
53257
111915
53402
111862
53462
53432
53110
111500
111755
53224
111629
53593
53368
111594
53063
111736
53222
111563
53429
53184
53136
53040
53140
53376
53195
111566
111644
53562
53391
53560
111741
111593
53356
53263
53456
111709
53218
53513
53205
111692
53044
111533
53160
53058
111734
111792
111877
53363
111704
53215
111790
53234
53223
111860
53028
111724
111498
111677
53124
53424
111689
111574
111618
111713
53230
111682
53020
111493
111844
53467
111488
111529
53193
53162
52977
111614
111849
53458
53053
53156
111561
53101
53207
111710
53452
111562
111572
53095
53125
111835
53414
111826
111916
53029
111875
111480
53118
53369
53273
111527
53466
111524
53150
53509
53530
53105
111897
53294
111521
111658
53288
53326
53122
53348
53278
111582
111596
111499
111820
111611
53447
53498
53012
53373
53360
53301
111650
111856
53157
53283
53212
53208
53240
111567
111810
111670
111662
53522
53317
53141
53269
53018
53094
53412
111575
53364
53190
53284
111609
53411
53046
53375
53170
111814
53342
111782
53334
53219
111553
53168
111701
111801
53145
111537
111679
111834
111643
53291
53241
53497
111672
53233
53057
53616
53529
111784
53070
111858
111580
53519
111811
111612
53199
53463
53298
111590
53355
53438
111774
111577
111837
111738
111735
111585
111772
53538
111719
53381
53394
53178
111828
111802
111691
52998
53537
111507
111673
53422
53512
111765
53229
53336
53091
111686
53090
111487
53175
53048
111794
111634
53035
111864
111541
111879
53321
111639
53050
111552
53142
111543
53578
53032
53239
53276
53318
111863
53080
53103
53129
53322
111538
53308
111717
53135
111857
53446
53470
111651
111768
53132
53324
111694
53608
53323
53114
111587
53250
111642
111791
53606
111570
53171
53527
53404
111627
53367
111868
53471
111635
111759
111506
53177
53161
53518
53359
111853
111745
53133
111624
111729
53351
111640
53163
53191
111749
53384
111803
53024
53253
111683
53081
53556
111854
53531
53344
111903
53069
53306
53314
111688
53327
53214
53256
53358
53087
53587
53099
53174
111678
111843
53474
53362
53098
111874
53330
53481
53445
111690
111621
53584
111703
53107
111674
111517
111838
53403
111699
53681
53408
53532
111558
53601
111752
53213
111535
111762
53472
53335
53372
111770
111764
111836
53483
111816
53248
53597
53543
111491
111850
53042
111547
53030
53165
53038
53104
111647
53077
53049
111789
111578
111725
111544
53416
111605
53287
53407
53139
53307
53062
111880
53516
111631
53128
53444
53296
111890
111653
53265
53544
111832
111777
111743
111758
53106
53231
53016
53285
111780
111715
53209
111667
111913
111840
111615
52931
111589
53312
53534
111870
53117
53440
53343
53068
111845
111815
53183
53473
53477
53654
111793
53390
111526
53149
53493
111646
53410
111516
53116
53439
53479
53259
53252
111625
53366
53514
111852
53061
53377
53382
53405
53151
111556
53401
111732
111660
111696
53503
53189
111666
53398
111726
53454
53073
111831
111490
111783
111554
53551
111769
111798
53237
111632
111865
53533
53245
53130
53290
53347
111603
53286
53083
53476
53260
53299
53138
53510
53433
53102
53076
111855
111760
111525
53387
53026
53203
53374
53154
111891
53300
111687
53228
53486
111700
111571
53563
53172
53131
111576
111884
53436
53123
53167
53511
53345
111839
53271
53541
53451
53361
53371
53388
111698
53415
111511
111739
53152
111767
53552
53019
53227
53353
111649
53502
111721
53196
111821
53036
111871
53389
53500
111665
52932
111708
53482
53622
111539
53319
53235
111817
111503
111718
53292
111626
111812
111763
53086
53270
52996
111766
53332
111637
111479
111581
111785
53074
111559
53169
53075
53484
53295
111829
53093
53206
53166
53383
53645
53249
111912
53309
111597
53427
53350
53027
52999
111671
53052
53337
111776
111900
53072
111833
53261
111825
111536
53148
53187
53121
53413
53293
53041
53060
111530
111540
53277
53333
111622
53204
111778
111805
111756
111705
53243
53305
111641
111861
53078
53112
111851
53378
111869
111657
53546
111684
111923
53325
53134
111564
53302
53079
111711
111492
111787
53274
111638
111716
53459
111920
53435
111515
111545
111549
53379
52918
111779
53576
53349
53392
111531
53449
53487
Window 6
53380
52945
53417
111781
111663
53539
53272
111697
111872
111788
53119
111894
53428
53496
53202
111730
53683
111733
111592
53164
111519
53180
111797
111504
111746
111636
53485
53549
53453
53623
53197
111742
111573
111799
111600
111753
53176
111889
53478
53097
53303
53441
53426
53338
53255
111827
53357
53113
111685
111887
53602
111675
53423
53262
53406
53153
53397
111510
111633
53535
53329
53200
53031
53501
53236
53242
111744
53264
53289
111882
111501
111659
53251
111486
53304
111595
111579
111628
111876
53188
111795
111883
111606
111620
111728
53144
53395
53448
111645
53574
53084
111483
53370
53244
111808
111720
111586
111598
111751
111654
111830
111893
111546
111565
53201
53192
53221
111695
53430
53443
53386
111886
53246
111505
53014
111664
53232
111895
53280
111542
111497
111813
111588
111693
53064
111655
53400
111707
111608
53194
111508
53120
111496
53115
53268
111557
111613
53023
53108
53499
111737
111512
111878
111773
53022
111902
111569
111495
111601
111630
111867
111509
53297
111905
53054
111786
111513
111873
53536
111750
53385
111806
53455
111706
53540
53480
53346
111604
111896
111528
53089
111892
111648
53316
111823
53066
111800
53071
111819
111807
53225
111824
53354
111842
53275
111522
53393
111775
111809
53182
53340
111898
53545
53365
111568
111722
111523
53155
111607
111591
53464
111602
111731
53282
111702
53352
53469
111740
53092
111616
111681
53396
111888
53315
111804
111676
53281
111907
53210
111818
53198
111881
53137
53450
53431
53034
111714
53088
111848
111899
53217
53065
53158
111656
53127
111652
53437
111841
53475
53238
53457
111680
111551
53159
52997
111610
111757
53468
111514
111796
53109
53320
53056
53047
53096
53100
111489
111520
53226
111885
111661
111727
53310
53055
53211
53179
53254
111518
53258
111599
53146
111494
53331
53399
53267
53339
53037
53186
111555
111534
111748
111584
111822
111846
53460
111502
53051
111623
53173
53279
111847
53216
111866
111747
111754
53266
53504
53489
53220
111532
53517
111859
111548
111583
53004
111668
53181
111723
111761
53328
53247
111712
111619
53313
53126
53311
53143
111771
111617
111560
111550
111669
53000
53257
111915
53402
111862
53462
53432
53110
111500
111755
53224
111629
53593
53368
111594
53063
111736
53222
111563
53429
53184
53136
53040
53140
53376
53195
111566
111644
53562
53391
53560
111741
111593
53356
53263
53456
111709
53218
53513
53205
111692
53044
111533
53160
53058
111734
111792
111877
53363
111704
53215
111790
53234
53223
111860
53028
111724
111498
111677
53124
53424
111689
111574
111618
111713
53230
111682
53020
111493
111844
53467
111488
111529
53193
53162
52977
111614
111849
53458
53053
53156
111561
53101
53207
111710
53452
111562
111572
53095
53125
111835
53414
111826
111916
53029
111875
111480
53118
53369
53273
111527
53466
111524
53150
53509
53530
53105
111897
53294
111521
111658
53288
53326
53122
53348
53278
111582
111596
111499
111820
111611
53447
53498
53012
53373
53360
53301
111650
111856
53157
53283
53212
53208
53240
111567
111810
111670
111662
53522
53317
53141
53269
53018
53094
53412
111575
53364
53190
53284
111609
53411
53046
53375
53170
111814
53342
111782
53334
53219
111553
53168
111701
111801
53145
111537
111679
111834
111643
53291
53241
53497
111672
53233
53057
53616
53529
111784
53070
111858
111580
53519
111811
111612
53199
53463
53298
111590
53355
53438
111774
111577
111837
111738
111735
111585
111772
53538
111719
53381
53394
53178
111828
111802
111691
52998
53537
111507
111673
53422
53512
111765
53229
53336
53091
111686
53090
111487
53175
53048
111794
111634
53035
111864
111541
111879
53321
111639
53050
111552
53142
111543
53578
53032
53239
53276
53318
111863
53080
53103
53129
53322
111538
53308
111717
53135
111857
53446
53470
111651
111768
53132
53324
111694
53608
53323
53114
111587
53250
111642
111791
53606
111570
53171
53527
53404
111627
53367
111868
53471
111635
111759
111506
53177
53161
53518
53359
111853
111745
53133
111624
111729
53351
111640
53163
53191
111749
53384
111803
53024
53253
111683
53081
53556
111854
53531
53344
111903
53069
53306
53314
111688
53327
53214
53256
53358
53087
53587
53099
53174
111678
111843
53474
53362
53098
111874
53330
53481
53445
111690
111621
53584
111703
53107
111674
111517
111838
53403
111699
53681
53408
53532
111558
53601
111752
53213
111535
111762
53472
53335
53372
111770
111764
111836
53483
111816
53248
53597
53543
111491
111850
53042
111547
53030
53165
53038
53104
111647
53077
53049
111789
111578
111725
111544
53416
111605
53287
53407
53139
53307
53062
111880
53516
111631
53128
53444
53296
111890
111653
53265
53544
111832
111777
111743
111758
53106
53231
53016
53285
111780
111715
53209
111667
111913
111840
111615
52931
111589
53312
53534
111870
53117
53440
53343
53068
111845
111815
53183
53473
53477
53654
111793
53390
111526
53149
53493
111646
53410
111516
53116
53439
53479
53259
53252
111625
53366
53514
111852
53061
53377
53382
53405
53151
111556
53401
111732
111660
111696
53503
53189
111666
53398
111726
53454
53073
111831
111490
111783
111554
53551
111769
111798
53237
111632
111865
53533
53245
53130
53290
53347
111603
53286
53083
53476
53260
53299
53138
53510
53433
53102
53076
111855
111760
111525
53387
53026
53203
53374
53154
111891
53300
111687
53228
53486
111700
111571
53563
53172
53131
111576
111884
53436
53123
53167
53511
53345
111839
53271
53541
53451
53361
53371
53388
111698
53415
111511
111739
53152
111767
53552
53019
53227
53353
111649
53502
111721
53196
111821
53036
111871
53389
53500
111665
52932
111708
53482
53622
111539
53319
53235
111817
111503
111718
53292
111626
111812
111763
53086
53270
52996
111766
53332
111637
111479
111581
111785
53074
111559
53169
53075
53484
53295
111829
53093
53206
53166
53383
53645
53249
111912
53309
111597
53427
53350
53027
52999
111671
53052
53337
111776
111900
53072
111833
53261
111825
111536
53148
53187
53121
53413
53293
53041
53060
111530
111540
53277
53333
111622
53204
111778
111805
111756
111705
53243
53305
111641
111861
53078
53112
111851
53378
111869
111657
53546
111684
111923
53325
53134
111564
53302
53079
111711
111492
111787
53274
111638
111716
53459
111920
53435
111515
111545
111549
53379
52918
111779
53576
53349
53392
111531
53449
53487
Window 7
53380
131628
131700
52945
53417
111781
111663
53539
131489
53272
131584
131715
111697
131878
111872
111788
131548
53119
131706
131664
111894
131599
131515
131561
53428
53496
53202
131691
111730
131376
53683
131797
111733
131758
111592
53164
111519
53180
131975
111797
111504
111746
131501
131439
111636
131523
131777
53485
53549
132027
53453
53623
53197
111742
111573
111799
132004
111600
111753
131470
53176
131918
111889
53478
53097
53303
131799
131587
53441
131405
53426
53338
131392
131895
131757
53255
111827
53357
131537
53113
111685
111887
131444
131670
131788
131370
131479
53602
131888
131360
111675
131546
53423
131686
53262
53406
131959
53153
131595
53397
111510
131981
111633
131471
53535
53329
53200
53031
131442
53501
131611
131555
53236
53242
131925
131667
111744
131786
53264
53289
131694
111882
131663
111501
111659
53251
111486
53304
131549
111595
131390
111579
111628
131712
131771
111876
131452
131971
131737
131979
131505
53188
111795
111883
111606
111620
111728
53144
53395
53448
131819
111645
53574
131665
53084
111483
131796
53370
131973
131572
53244
111808
131464
111720
131603
111586
111598
111751
111654
111830
111893
131932
131655
111546
131774
131597
111565
131639
131578
53201
53192
131732
53221
111695
131641
53430
131438
131846
53443
53386
131359
111886
53246
111505
53014
111664
131865
53232
131401
131407
111895
131604
53280
111542
111497
111813
111588
111693
53064
111655
131963
53400
111707
111608
131693
53194
111508
53120
111496
53115
53268
111557
111613
131542
131750
53023
131942
131466
131453
53108
53499
131431
131521
111737
131671
111512
111878
111773
53022
111902
131728
111569
111495
111601
111630
111867
131491
111509
53297
111905
131747
53054
131887
131877
111786
111513
111873
53536
131701
111750
53385
131871
111806
53455
131842
131677
131907
111706
131719
53540
53480
53346
131361
111604
111896
111528
131462
131914
53089
111892
131402
131938
131724
111648
131483
53316
111823
53066
111800
131598
53071
111819
111807
131543
53225
111824
131374
53354
111842
131749
131792
131977
131817
131818
53275
111522
53393
131647
131648
131502
131592
111775
131946
131437
131836
131773
132009
111809
131835
53182
131678
53340
132017
131540
111898
53545
131458
131468
131582
53365
111568
131978
131944
111722
131748
131785
131916
111523
131961
53155
111607
111591
131880
132013
53464
111602
111731
131371
131586
131812
53282
111702
53352
53469
111740
131527
53092
111616
131837
131669
111681
131451
53396
111888
131500
131827
131551
131516
53315
131672
111804
111676
53281
111907
53210
111818
53198
131900
111881
53137
53450
131580
131556
53431
131744
53034
131690
131711
111714
131821
131889
53088
131443
111848
111899
53217
53065
53158
131488
131824
111656
53127
131743
111652
131519
53437
111841
53475
53238
131951
131660
131566
131725
131605
53457
111680
111551
131393
131782
53159
131679
131642
52997
111610
131861
111757
53468
111514
131388
131802
131623
111796
53109
53320
53056
53047
53096
53100
131507
111489
111520
131498
53226
111885
111661
111727
131823
53310
53055
53211
53179
53254
131870
111518
53258
131478
111599
131476
131915
131422
131409
131425
131568
53146
111494
53331
53399
131847
131952
131532
131810
131426
53267
131921
53339
53037
53186
111555
111534
111748
111584
111822
131525
111846
131610
53460
111502
131831
131729
53051
131934
111623
131562
53173
53279
111847
131933
131524
53216
131365
131585
131882
132048
111866
111747
111754
131635
53266
131673
131573
131493
53504
131816
53489
131740
53220
111532
131383
53517
111859
131544
131423
131472
131636
111548
131967
131613
111583
53004
131881
111668
131557
132042
131746
53181
131830
111723
111761
131723
53328
131776
131554
53247
111712
131434
111619
53313
53126
131787
131850
53311
131564
53143
111771
111617
131380
111560
131826
111550
111669
53000
53257
131763
111915
53402
111862
53462
131510
53432
131927
131806
53110
111500
111755
53224
111629
53593
131499
53368
131917
111594
53063
111736
53222
111563
131905
53429
53184
53136
131475
53040
131638
53140
53376
131588
53195
131923
111566
111644
53562
131619
53391
53560
131866
111741
131811
111593
53356
131955
131727
131463
131781
131760
53263
53456
111709
131893
53218
53513
131600
131990
53205
131533
111692
53044
111533
53160
53058
111734
131800
111792
131354
111877
53363
111704
53215
111790
53234
131569
53223
111860
53028
111724
111498
111677
53124
131652
131389
131386
131685
53424
111689
111574
111618
131681
131384
111713
53230
131739
111682
131764
53020
111493
111844
131445
131676
53467
111488
111529
53193
53162
52977
111614
131839
111849
53458
53053
131485
131948
53156
111561
53101
53207
111710
53452
131778
132034
111562
111572
131640
131705
53095
131414
53125
131769
131504
131879
131709
131643
111835
53414
111826
131982
131718
111916
53029
131682
111875
131656
131454
131650
131427
111480
53118
131807
131856
53369
53273
131632
111527
131770
131941
131864
53466
131659
111524
53150
131630
53509
53530
53105
131560
111897
53294
111521
111658
131362
131461
53288
53326
131809
131418
131876
53122
53348
131697
53278
111582
111596
111499
131474
111820
111611
131759
131484
131563
53447
53498
53012
131910
131919
131358
131730
131430
131576
53373
131891
53360
53301
111650
111856
131845
131575
131372
131387
53157
53283
131813
53212
131514
53208
131553
53240
111567
111810
111670
111662
53522
53317
131929
131745
131530
53141
131456
53269
131714
53018
53094
53412
111575
131644
131367
53364
131494
131844
131894
53190
131381
53284
111609
131565
53411
131886
131396
53046
131761
131627
131581
53375
53170
111814
53342
131536
131726
131593
111782
53334
131574
53219
111553
53168
111701
131716
111801
53145
111537
111679
111834
111643
53291
53241
131962
53497
111672
131825
53233
53057
131965
131741
131621
53616
131403
53529
111784
53070
111858
111580
53519
131531
131649
131465
111811
111612
53199
53463
53298
131884
131896
111590
53355
53438
131704
111774
111577
111837
111738
111735
111585
111772
53538
131417
131926
131857
111719
131688
131634
53381
53394
53178
131911
131653
111828
111802
111691
131950
131869
52998
53537
111507
111673
53422
53512
111765
131696
53229
53336
53091
111686
131912
53090
111487
53175
53048
111794
131608
111634
53035
111864
111541
111879
131843
53321
131713
131960
111639
131903
53050
131922
111552
53142
111543
53578
131624
131872
53032
53239
53276
53318
111863
131793
53080
53103
131931
131735
131994
53129
131892
53322
131755
131751
111538
53308
131570
111717
53135
111857
53446
53470
131594
131863
131503
131683
131779
131526
111651
131449
131377
131416
111768
131413
53132
131687
53324
111694
53608
53323
131699
131369
53114
111587
53250
111642
111791
131625
53606
111570
53171
131736
53527
53404
111627
131395
53367
111868
53471
111635
111759
111506
131419
53177
131497
53161
53518
53359
111853
131772
132041
131720
131838
111745
53133
111624
111729
53351
131440
111640
53163
53191
111749
53384
131459
131815
111803
53024
131482
53253
111683
53081
131752
53556
111854
131775
53531
131633
53344
131577
131424
111903
53069
131385
53306
131956
53314
131615
111688
53327
131612
53214
131968
131954
53256
53358
131784
131539
131661
53087
131589
131899
53587
53099
131399
53174
111678
131508
131832
111843
131460
131363
53474
53362
53098
111874
53330
131601
131790
53481
53445
111690
111621
53584
131541
131618
131446
111703
132018
53107
111674
131645
111517
131415
131874
111838
131591
53403
131852
131902
111699
53681
53408
53532
111558
53601
131930
131928
111752
131411
53213
131356
111535
111762
53472
131909
53335
53372
131908
131862
131814
111770
131754
111764
111836
53483
111816
53248
53597
131731
53543
111491
111850
53042
131517
111547
53030
53165
131631
131447
53038
131707
131976
53104
131858
111647
131428
53077
131616
53049
131822
111789
131590
131629
131953
111578
111725
111544
53416
132040
131496
111605
131804
53287
131379
53407
53139
53307
131947
53062
111880
131602
131867
53516
131708
111631
131490
131828
53128
131848
53444
53296
111890
111653
53265
131404
131559
53544
111832
111777
111743
111758
53106
53231
53016
131364
131368
53285
111780
131646
111715
131868
53209
111667
111913
111840
111615
52931
131529
111589
53312
53534
111870
53117
53440
53343
53068
131765
131373
111845
111815
53183
53473
53477
53654
111793
53390
131391
131901
111526
53149
53493
131545
111646
131421
131550
53410
131477
111516
53116
53439
131717
53479
53259
131734
53252
111625
53366
53514
111852
131658
131885
131567
131849
53061
53377
131873
53382
53405
131789
131875
53151
131768
111556
131710
131767
53401
131721
111732
131487
111660
111696
131495
53503
131958
53189
131518
111666
131949
53398
111726
131441
131620
131662
131617
131794
53454
53073
131614
111831
111490
111783
131937
111554
53551
131607
131803
111769
111798
53237
131680
111632
131970
131375
111865
53533
53245
53130
53290
131547
53347
131429
111603
53286
53083
53476
53260
131579
53299
131651
132008
131795
131820
53138
53510
131366
131382
131791
53433
53102
131506
53076
131520
131583
111855
131622
111760
131684
111525
131412
131855
131798
53387
53026
53203
132037
53374
53154
111891
53300
131534
131538
111687
131512
131851
53228
131406
53486
131397
131675
111700
131762
111571
131455
53563
53172
53131
111576
131668
111884
53436
131801
53123
131400
53167
53511
53345
131854
111839
131945
53271
53541
131492
131974
53451
131467
131609
131840
131834
53361
53371
131666
53388
111698
53415
131783
111511
111739
131940
131936
53152
111767
53552
53019
131780
131626
53227
53353
111649
53502
111721
53196
131457
111821
131571
131753
131394
131637
131935
53036
111871
131943
53389
53500
131435
111665
52932
131433
111708
53482
131722
53622
111539
53319
53235
111817
131410
111503
111718
53292
131733
111626
131480
111812
111763
131473
131805
53086
53270
52996
111766
53332
131378
111637
111479
131939
111581
111785
53074
111559
53169
53075
132028
131432
53484
53295
131957
131853
131674
111829
131913
53093
131558
131420
53206
53166
131448
53383
53645
131756
53249
111912
131654
131897
131898
53309
111597
53427
53350
53027
52999
111671
131969
53052
53337
131924
111776
131964
131596
111900
53072
111833
53261
131860
111825
131481
131833
111536
131522
53148
53187
53121
53413
53293
131408
131436
53041
131469
53060
111530
111540
53277
131689
131398
53333
131703
111622
53204
111778
111805
111756
131535
132019
131890
131829
131904
111705
131509
53243
131738
132007
53305
111641
131698
131841
131513
111861
53078
53112
132033
131766
111851
53378
111869
111657
131606
131859
53546
111684
131920
131906
111923
53325
131742
53134
111564
131486
53302
131883
53079
111711
111492
111787
53274
111638
111716
53459
131450
111920
53435
131972
111515
111545
131808
111549
131692
53379
131695
131528
131993
52918
111779
131657
131702
131511
53576
53349
53392
111531
53449
53487
131552
Window 8
53380
131628
131700
52945
53417
111781
111663
53539
131489
53272
131584
131715
111697
131878
111872
111788
131548
53119
131706
131664
111894
131599
131515
131561
53428
53496
53202
131691
111730
131376
53683
131797
111733
131758
111592
53164
111519
53180
131975
111797
111504
111746
131501
131439
111636
131523
131777
53485
53549
132027
53453
53623
53197
111742
111573
111799
132004
111600
111753
131470
53176
131918
111889
53478
53097
53303
131799
131587
53441
131405
53426
53338
131392
131895
131757
53255
111827
53357
131537
53113
111685
111887
131444
131670
131788
131370
131479
53602
131888
131360
111675
131546
53423
131686
53262
53406
131959
53153
131595
53397
111510
131981
111633
131471
53535
53329
53200
53031
131442
53501
131611
131555
53236
53242
131925
131667
111744
131786
53264
53289
131694
111882
131663
111501
111659
53251
111486
53304
131549
111595
131390
111579
111628
131712
131771
111876
131452
131971
131737
131979
131505
53188
111795
111883
111606
111620
111728
53144
53395
53448
131819
111645
53574
131665
53084
111483
131796
53370
131973
131572
53244
111808
131464
111720
131603
111586
111598
111751
111654
111830
111893
131932
131655
111546
131774
131597
111565
131639
131578
53201
53192
131732
53221
111695
131641
53430
131438
131846
53443
53386
131359
111886
53246
111505
53014
111664
131865
53232
131401
131407
111895
131604
53280
111542
111497
111813
111588
111693
53064
111655
131963
53400
111707
111608
131693
53194
111508
53120
111496
53115
53268
111557
111613
131542
131750
53023
131942
131466
131453
53108
53499
131431
131521
111737
131671
111512
111878
111773
53022
111902
131728
111569
111495
111601
111630
111867
131491
111509
53297
111905
131747
53054
131887
131877
111786
111513
111873
53536
131701
111750
53385
131871
111806
53455
131842
131677
131907
111706
131719
53540
53480
53346
131361
111604
111896
111528
131462
131914
53089
111892
131402
131938
131724
111648
131483
53316
111823
53066
111800
131598
53071
111819
111807
131543
53225
111824
131374
53354
111842
131749
131792
131977
131817
131818
53275
111522
53393
131647
131648
131502
131592
111775
131946
131437
131836
131773
132009
111809
131835
53182
131678
53340
132017
131540
111898
53545
131458
131468
131582
53365
111568
131978
131944
111722
131748
131785
131916
111523
131961
53155
111607
111591
131880
132013
53464
111602
111731
131371
131586
131812
53282
111702
53352
53469
111740
131527
53092
111616
131837
131669
111681
131451
53396
111888
131500
131827
131551
131516
53315
131672
111804
111676
53281
111907
53210
111818
53198
131900
111881
53137
53450
131580
131556
53431
131744
53034
131690
131711
111714
131821
131889
53088
131443
111848
111899
53217
53065
53158
131488
131824
111656
53127
131743
111652
131519
53437
111841
53475
53238
131951
131660
131566
131725
131605
53457
111680
111551
131393
131782
53159
131679
131642
52997
111610
131861
111757
53468
111514
131388
131802
131623
111796
53109
53320
53056
53047
53096
53100
131507
111489
111520
131498
53226
111885
111661
111727
131823
53310
53055
53211
53179
53254
131870
111518
53258
131478
111599
131476
131915
131422
131409
131425
131568
53146
111494
53331
53399
131847
131952
131532
131810
131426
53267
131921
53339
53037
53186
111555
111534
111748
111584
111822
131525
111846
131610
53460
111502
131831
131729
53051
131934
111623
131562
53173
53279
111847
131933
131524
53216
131365
131585
131882
132048
111866
111747
111754
131635
53266
131673
131573
131493
53504
131816
53489
131740
53220
111532
131383
53517
111859
131544
131423
131472
131636
111548
131967
131613
111583
53004
131881
111668
131557
132042
131746
53181
131830
111723
111761
131723
53328
131776
131554
53247
111712
131434
111619
53313
53126
131787
131850
53311
131564
53143
111771
111617
131380
111560
131826
111550
111669
53000
53257
131763
111915
53402
111862
53462
131510
53432
131927
131806
53110
111500
111755
53224
111629
53593
131499
53368
131917
111594
53063
111736
53222
111563
131905
53429
53184
53136
131475
53040
131638
53140
53376
131588
53195
131923
111566
111644
53562
131619
53391
53560
131866
111741
131811
111593
53356
131955
131727
131463
131781
131760
53263
53456
111709
131893
53218
53513
131600
131990
53205
131533
111692
53044
111533
53160
53058
111734
131800
111792
131354
111877
53363
111704
53215
111790
53234
131569
53223
111860
53028
111724
111498
111677
53124
131652
131389
131386
131685
53424
111689
111574
111618
131681
131384
111713
53230
131739
111682
131764
53020
111493
111844
131445
131676
53467
111488
111529
53193
53162
52977
111614
131839
111849
53458
53053
131485
131948
53156
111561
53101
53207
111710
53452
131778
132034
111562
111572
131640
131705
53095
131414
53125
131769
131504
131879
131709
131643
111835
53414
111826
131982
131718
111916
53029
131682
111875
131656
131454
131650
131427
111480
53118
131807
131856
53369
53273
131632
111527
131770
131941
131864
53466
131659
111524
53150
131630
53509
53530
53105
131560
111897
53294
111521
111658
131362
131461
53288
53326
131809
131418
131876
53122
53348
131697
53278
111582
111596
111499
131474
111820
111611
131759
131484
131563
53447
53498
53012
131910
131919
131358
131730
131430
131576
53373
131891
53360
53301
111650
111856
131845
131575
131372
131387
53157
53283
131813
53212
131514
53208
131553
53240
111567
111810
111670
111662
53522
53317
131929
131745
131530
53141
131456
53269
131714
53018
53094
53412
111575
131644
131367
53364
131494
131844
131894
53190
131381
53284
111609
131565
53411
131886
131396
53046
131761
131627
131581
53375
53170
111814
53342
131536
131726
131593
111782
53334
131574
53219
111553
53168
111701
131716
111801
53145
111537
111679
111834
111643
53291
53241
131962
53497
111672
131825
53233
53057
131965
131741
131621
53616
131403
53529
111784
53070
111858
111580
53519
131531
131649
131465
111811
111612
53199
53463
53298
131884
131896
111590
53355
53438
131704
111774
111577
111837
111738
111735
111585
111772
53538
131417
131926
131857
111719
131688
131634
53381
53394
53178
131911
131653
111828
111802
111691
131950
131869
52998
53537
111507
111673
53422
53512
111765
131696
53229
53336
53091
111686
131912
53090
111487
53175
53048
111794
131608
111634
53035
111864
111541
111879
131843
53321
131713
131960
111639
131903
53050
131922
111552
53142
111543
53578
131624
131872
53032
53239
53276
53318
111863
131793
53080
53103
131931
131735
131994
53129
131892
53322
131755
131751
111538
53308
131570
111717
53135
111857
53446
53470
131594
131863
131503
131683
131779
131526
111651
131449
131377
131416
111768
131413
53132
131687
53324
111694
53608
53323
131699
131369
53114
111587
53250
111642
111791
131625
53606
111570
53171
131736
53527
53404
111627
131395
53367
111868
53471
111635
111759
111506
131419
53177
131497
53161
53518
53359
111853
131772
132041
131720
131838
111745
53133
111624
111729
53351
131440
111640
53163
53191
111749
53384
131459
131815
111803
53024
131482
53253
111683
53081
131752
53556
111854
131775
53531
131633
53344
131577
131424
111903
53069
131385
53306
131956
53314
131615
111688
53327
131612
53214
131968
131954
53256
53358
131784
131539
131661
53087
131589
131899
53587
53099
131399
53174
111678
131508
131832
111843
131460
131363
53474
53362
53098
111874
53330
131601
131790
53481
53445
111690
111621
53584
131541
131618
131446
111703
132018
53107
111674
131645
111517
131415
131874
111838
131591
53403
131852
131902
111699
53681
53408
53532
111558
53601
131930
131928
111752
131411
53213
131356
111535
111762
53472
131909
53335
53372
131908
131862
131814
111770
131754
111764
111836
53483
111816
53248
53597
131731
53543
111491
111850
53042
131517
111547
53030
53165
131631
131447
53038
131707
131976
53104
131858
111647
131428
53077
131616
53049
131822
111789
131590
131629
131953
111578
111725
111544
53416
132040
131496
111605
131804
53287
131379
53407
53139
53307
131947
53062
111880
131602
131867
53516
131708
111631
131490
131828
53128
131848
53444
53296
111890
111653
53265
131404
131559
53544
111832
111777
111743
111758
53106
53231
53016
131364
131368
53285
111780
131646
111715
131868
53209
111667
111913
111840
111615
52931
131529
111589
53312
53534
111870
53117
53440
53343
53068
131765
131373
111845
111815
53183
53473
53477
53654
111793
53390
131391
131901
111526
53149
53493
131545
111646
131421
131550
53410
131477
111516
53116
53439
131717
53479
53259
131734
53252
111625
53366
53514
111852
131658
131885
131567
131849
53061
53377
131873
53382
53405
131789
131875
53151
131768
111556
131710
131767
53401
131721
111732
131487
111660
111696
131495
53503
131958
53189
131518
111666
131949
53398
111726
131441
131620
131662
131617
131794
53454
53073
131614
111831
111490
111783
131937
111554
53551
131607
131803
111769
111798
53237
131680
111632
131970
131375
111865
53533
53245
53130
53290
131547
53347
131429
111603
53286
53083
53476
53260
131579
53299
131651
132008
131795
131820
53138
53510
131366
131382
131791
53433
53102
131506
53076
131520
131583
111855
131622
111760
131684
111525
131412
131855
131798
53387
53026
53203
132037
53374
53154
111891
53300
131534
131538
111687
131512
131851
53228
131406
53486
131397
131675
111700
131762
111571
131455
53563
53172
53131
111576
131668
111884
53436
131801
53123
131400
53167
53511
53345
131854
111839
131945
53271
53541
131492
131974
53451
131467
131609
131840
131834
53361
53371
131666
53388
111698
53415
131783
111511
111739
131940
131936
53152
111767
53552
53019
131780
131626
53227
53353
111649
53502
111721
53196
131457
111821
131571
131753
131394
131637
131935
53036
111871
131943
53389
53500
131435
111665
52932
131433
111708
53482
131722
53622
111539
53319
53235
111817
131410
111503
111718
53292
131733
111626
131480
111812
111763
131473
131805
53086
53270
52996
111766
53332
131378
111637
111479
131939
111581
111785
53074
111559
53169
53075
132028
131432
53484
53295
131957
131853
131674
111829
131913
53093
131558
131420
53206
53166
131448
53383
53645
131756
53249
111912
131654
131897
131898
53309
111597
53427
53350
53027
52999
111671
131969
53052
53337
131924
111776
131964
131596
111900
53072
111833
53261
131860
111825
131481
131833
111536
131522
53148
53187
53121
53413
53293
131408
131436
53041
131469
53060
111530
111540
53277
131689
131398
53333
131703
111622
53204
111778
111805
111756
131535
132019
131890
131829
131904
111705
131509
53243
131738
132007
53305
111641
131698
131841
131513
111861
53078
53112
132033
131766
111851
53378
111869
111657
131606
131859
53546
111684
131920
131906
111923
53325
131742
53134
111564
131486
53302
131883
53079
111711
111492
111787
53274
111638
111716
53459
131450
111920
53435
131972
111515
111545
131808
111549
131692
53379
131695
131528
131993
52918
111779
131657
131702
131511
53576
53349
53392
111531
53449
53487
131552
Window 9
53380
131628
131700
52945
53417
111781
111663
53539
131489
53272
131584
131715
111697
131878
111872
111788
131548
53119
131706
131664
111894
131599
131515
131561
53428
53496
53202
131691
111730
131376
53683
131797
111733
131758
111592
53164
111519
53180
131975
111797
111504
111746
131501
131439
111636
131523
131777
53485
53549
132027
53453
53623
53197
111742
111573
111799
132004
111600
111753
131470
53176
131918
111889
53478
53097
53303
131799
131587
53441
131405
53426
53338
131392
131895
131757
53255
111827
53357
131537
53113
111685
111887
131444
131670
131788
131370
131479
53602
131888
131360
111675
131546
53423
131686
53262
53406
131959
53153
131595
53397
111510
131981
111633
131471
53535
53329
53200
53031
131442
53501
131611
131555
53236
53242
131925
131667
111744
131786
53264
53289
131694
111882
131663
111501
111659
53251
111486
53304
131549
111595
131390
111579
111628
131712
131771
111876
131452
131971
131737
131979
131505
53188
111795
111883
111606
111620
111728
53144
53395
53448
131819
111645
53574
131665
53084
111483
131796
53370
131973
131572
53244
111808
131464
111720
131603
111586
111598
111751
111654
111830
111893
131932
131655
111546
131774
131597
111565
131639
131578
53201
53192
131732
53221
111695
131641
53430
131438
131846
53443
53386
131359
111886
53246
111505
53014
111664
131865
53232
131401
131407
111895
131604
53280
111542
111497
111813
111588
111693
53064
111655
131963
53400
111707
111608
131693
53194
111508
53120
111496
53115
53268
111557
111613
131542
131750
53023
131942
131466
131453
53108
53499
131431
131521
111737
131671
111512
111878
111773
53022
111902
131728
111569
111495
111601
111630
111867
131491
111509
53297
111905
131747
53054
131887
131877
111786
111513
111873
53536
131701
111750
53385
131871
111806
53455
131842
131677
131907
111706
131719
53540
53480
53346
131361
111604
111896
111528
131462
131914
53089
111892
131402
131938
131724
111648
131483
53316
111823
53066
111800
131598
53071
111819
111807
131543
53225
111824
131374
53354
111842
131749
131792
131977
131817
131818
53275
111522
53393
131647
131648
131502
131592
111775
131946
131437
131836
131773
132009
111809
131835
53182
131678
53340
132017
131540
111898
53545
131458
131468
131582
53365
111568
131978
131944
111722
131748
131785
131916
111523
131961
53155
111607
111591
131880
132013
53464
111602
111731
131371
131586
131812
53282
111702
53352
53469
111740
131527
53092
111616
131837
131669
111681
131451
53396
111888
131500
131827
131551
131516
53315
131672
111804
111676
53281
111907
53210
111818
53198
131900
111881
53137
53450
131580
131556
53431
131744
53034
131690
131711
111714
131821
131889
53088
131443
111848
111899
53217
53065
53158
131488
131824
111656
53127
131743
111652
131519
53437
111841
53475
53238
131951
131660
131566
131725
131605
53457
111680
111551
131393
131782
53159
131679
131642
52997
111610
131861
111757
53468
111514
131388
131802
131623
111796
53109
53320
53056
53047
53096
53100
131507
111489
111520
131498
53226
111885
111661
111727
131823
53310
53055
53211
53179
53254
131870
111518
53258
131478
111599
131476
131915
131422
131409
131425
131568
53146
111494
53331
53399
131847
131952
131532
131810
131426
53267
131921
53339
53037
53186
111555
111534
111748
111584
111822
131525
111846
131610
53460
111502
131831
131729
53051
131934
111623
131562
53173
53279
111847
131933
131524
53216
131365
131585
131882
132048
111866
111747
111754
131635
53266
131673
131573
131493
53504
131816
53489
131740
53220
111532
131383
53517
111859
131544
131423
131472
131636
111548
131967
131613
111583
53004
131881
111668
131557
132042
131746
53181
131830
111723
111761
131723
53328
131776
131554
53247
111712
131434
111619
53313
53126
131787
131850
53311
131564
53143
111771
111617
131380
111560
131826
111550
111669
53000
53257
131763
111915
53402
111862
53462
131510
53432
131927
131806
53110
111500
111755
53224
111629
53593
131499
53368
131917
111594
53063
111736
53222
111563
131905
53429
53184
53136
131475
53040
131638
53140
53376
131588
53195
131923
111566
111644
53562
131619
53391
53560
131866
111741
131811
111593
53356
131955
131727
131463
131781
131760
53263
53456
111709
131893
53218
53513
131600
131990
53205
131533
111692
53044
111533
53160
53058
111734
131800
111792
131354
111877
53363
111704
53215
111790
53234
131569
53223
111860
53028
111724
111498
111677
53124
131652
131389
131386
131685
53424
111689
111574
111618
131681
131384
111713
53230
131739
111682
131764
53020
111493
111844
131445
131676
53467
111488
111529
53193
53162
52977
111614
131839
111849
53458
53053
131485
131948
53156
111561
53101
53207
111710
53452
131778
132034
111562
111572
131640
131705
53095
131414
53125
131769
131504
131879
131709
131643
111835
53414
111826
131982
131718
111916
53029
131682
111875
131656
131454
131650
131427
111480
53118
131807
131856
53369
53273
131632
111527
131770
131941
131864
53466
131659
111524
53150
131630
53509
53530
53105
131560
111897
53294
111521
111658
131362
131461
53288
53326
131809
131418
131876
53122
53348
131697
53278
111582
111596
111499
131474
111820
111611
131759
131484
131563
53447
53498
53012
131910
131919
131358
131730
131430
131576
53373
131891
53360
53301
111650
111856
131845
131575
131372
131387
53157
53283
131813
53212
131514
53208
131553
53240
111567
111810
111670
111662
53522
53317
131929
131745
131530
53141
131456
53269
131714
53018
53094
53412
111575
131644
131367
53364
131494
131844
131894
53190
131381
53284
111609
131565
53411
131886
131396
53046
131761
131627
131581
53375
53170
111814
53342
131536
131726
131593
111782
53334
131574
53219
111553
53168
111701
131716
111801
53145
111537
111679
111834
111643
53291
53241
131962
53497
111672
131825
53233
53057
131965
131741
131621
53616
131403
53529
111784
53070
111858
111580
53519
131531
131649
131465
111811
111612
53199
53463
53298
131884
131896
111590
53355
53438
131704
111774
111577
111837
111738
111735
111585
111772
53538
131417
131926
131857
111719
131688
131634
53381
53394
53178
131911
131653
111828
111802
111691
131950
131869
52998
53537
111507
111673
53422
53512
111765
131696
53229
53336
53091
111686
131912
53090
111487
53175
53048
111794
131608
111634
53035
111864
111541
111879
131843
53321
131713
131960
111639
131903
53050
131922
111552
53142
111543
53578
131624
131872
53032
53239
53276
53318
111863
131793
53080
53103
131931
131735
131994
53129
131892
53322
131755
131751
111538
53308
131570
111717
53135
111857
53446
53470
131594
131863
131503
131683
131779
131526
111651
131449
131377
131416
111768
131413
53132
131687
53324
111694
53608
53323
131699
131369
53114
111587
53250
111642
111791
131625
53606
111570
53171
131736
53527
53404
111627
131395
53367
111868
53471
111635
111759
111506
131419
53177
131497
53161
53518
53359
111853
131772
132041
131720
131838
111745
53133
111624
111729
53351
131440
111640
53163
53191
111749
53384
131459
131815
111803
53024
131482
53253
111683
53081
131752
53556
111854
131775
53531
131633
53344
131577
131424
111903
53069
131385
53306
131956
53314
131615
111688
53327
131612
53214
131968
131954
53256
53358
131784
131539
131661
53087
131589
131899
53587
53099
131399
53174
111678
131508
131832
111843
131460
131363
53474
53362
53098
111874
53330
131601
131790
53481
53445
111690
111621
53584
131541
131618
131446
111703
132018
53107
111674
131645
111517
131415
131874
111838
131591
53403
131852
131902
111699
53681
53408
53532
111558
53601
131930
131928
111752
131411
53213
131356
111535
111762
53472
131909
53335
53372
131908
131862
131814
111770
131754
111764
111836
53483
111816
53248
53597
131731
53543
111491
111850
53042
131517
111547
53030
53165
131631
131447
53038
131707
131976
53104
131858
111647
131428
53077
131616
53049
131822
111789
131590
131629
131953
111578
111725
111544
53416
132040
131496
111605
131804
53287
131379
53407
53139
53307
131947
53062
111880
131602
131867
53516
131708
111631
131490
131828
53128
131848
53444
53296
111890
111653
53265
131404
131559
53544
111832
111777
111743
111758
53106
53231
53016
131364
131368
53285
111780
131646
111715
131868
53209
111667
111913
111840
111615
52931
131529
111589
53312
53534
111870
53117
53440
53343
53068
131765
131373
111845
111815
53183
53473
53477
53654
111793
53390
131391
131901
111526
53149
53493
131545
111646
131421
131550
53410
131477
111516
53116
53439
131717
53479
53259
131734
53252
111625
53366
53514
111852
131658
131885
131567
131849
53061
53377
131873
53382
53405
131789
131875
53151
131768
111556
131710
131767
53401
131721
111732
131487
111660
111696
131495
53503
131958
53189
131518
111666
131949
53398
111726
131441
131620
131662
131617
131794
53454
53073
131614
111831
111490
111783
131937
111554
53551
131607
131803
111769
111798
53237
131680
111632
131970
131375
111865
53533
53245
53130
53290
131547
53347
131429
111603
53286
53083
53476
53260
131579
53299
131651
132008
131795
131820
53138
53510
131366
131382
131791
53433
53102
131506
53076
131520
131583
111855
131622
111760
131684
111525
131412
131855
131798
53387
53026
53203
132037
53374
53154
111891
53300
131534
131538
111687
131512
131851
53228
131406
53486
131397
131675
111700
131762
111571
131455
53563
53172
53131
111576
131668
111884
53436
131801
53123
131400
53167
53511
53345
131854
111839
131945
53271
53541
131492
131974
53451
131467
131609
131840
131834
53361
53371
131666
53388
111698
53415
131783
111511
111739
131940
131936
53152
111767
53552
53019
131780
131626
53227
53353
111649
53502
111721
53196
131457
111821
131571
131753
131394
131637
131935
53036
111871
131943
53389
53500
131435
111665
52932
131433
111708
53482
131722
53622
111539
53319
53235
111817
131410
111503
111718
53292
131733
111626
131480
111812
111763
131473
131805
53086
53270
52996
111766
53332
131378
111637
111479
131939
111581
111785
53074
111559
53169
53075
132028
131432
53484
53295
131957
131853
131674
111829
131913
53093
131558
131420
53206
53166
131448
53383
53645
131756
53249
111912
131654
131897
131898
53309
111597
53427
53350
53027
52999
111671
131969
53052
53337
131924
111776
131964
131596
111900
53072
111833
53261
131860
111825
131481
131833
111536
131522
53148
53187
53121
53413
53293
131408
131436
53041
131469
53060
111530
111540
53277
131689
131398
53333
131703
111622
53204
111778
111805
111756
131535
132019
131890
131829
131904
111705
131509
53243
131738
132007
53305
111641
131698
131841
131513
111861
53078
53112
132033
131766
111851
53378
111869
111657
131606
131859
53546
111684
131920
131906
111923
53325
131742
53134
111564
131486
53302
131883
53079
111711
111492
111787
53274
111638
111716
53459
131450
111920
53435
131972
111515
111545
131808
111549
131692
53379
131695
131528
131993
52918
111779
131657
131702
131511
53576
53349
53392
111531
53449
53487
131552
