Window 0
24142
53390
766
24201
772
2486
453
467
301
1955
2450
329
833
24160
2175
333
53427
53435
2076
2106
2236
2618
24187
53549
2142
2468
53282
2584
2322
11642
23867
358
966
2636
23800
53129
483
859
2644
2335
294
2589
176
243
24190
53438
53212
24039
900
393
2416
867
23841
2579
2542
470
485
2562
23970
1915
779
53174
2115
2536
1969
53190
2256
24080
23936
354
480
896
782
23870
439
23846
53517
2492
2455
11644
11577
695
11733
1918
2580
11678
959
154
2381
23963
304
24245
734
11639
53504
2030
53593
2342
688
53463
24002
328
593
2367
53207
11702
11708
11601
991
11595
24173
53186
53602
2403
24063
11656
746
23993
970
2025
53107
325
53313
698
422
2054
2131
23906
1952
23813
2520
955
53451
2306
2321
53436
23912
53348
23983
272
2012
160
1971
11763
11544
24117
24122
53265
53367
53123
313
295
345
2288
53601
211
780
2128
11743
24193
24273
269
2140
1886
2419
23998
549
11511
53433
773
378
791
53272
546
2314
53416
24192
23772
53163
11613
885
24184
2156
53407
972
684
2547
23836
2211
23946
53545
2207
2380
53339
2557
53210
11735
907
53041
851
2120
53511
610
24000
538
53246
185
2148
53252
747
24020
24153
2429
555
11654
53274
2371
53299
827
11586
717
11712
2235
614
2262
53518
2417
53261
709
441
943
24066
521
697
53314
1946
596
792
173
404
237
2487
11734
23808
609
2395
529
975
53198
693
2129
531
24017
496
11525
1942
2050
2619
2398
2443
24042
53154
53405
2637
53458
2324
915
541
837
53584
53094
24207
428
2567
11622
23938
53380
664
1963
53254
23849
2233
2607
2375
497
11633
23902
735
53574
11608
2028
2219
212
599
11647
24040
53211
668
677
53202
683
11727
53231
351
559
53440
24278
24246
1981
53453
53396
2241
2563
708
53256
53024
193
595
11720
2121
11761
53242
864
2453
498
2112
24130
24264
701
11536
52945
930
2093
53290
861
24087
53074
371
347
2299
252
2472
53410
357
505
2222
290
11681
53204
24176
53049
2296
2499
2190
53130
2582
24147
23922
53125
815
53278
906
1936
909
829
560
24196
2485
880
2047
786
2480
2553
2559
2434
11624
482
344
749
23919
53118
53509
11600
2183
315
807
1987
24141
1884
2024
957
518
2526
737
53032
499
2628
23991
2274
11597
489
865
2199
11677
2188
2265
2418
2039
23909
182
941
53307
1860
890
53027
2554
53016
296
533
2186
23802
821
2515
711
948
895
910
2338
2442
53064
1925
2109
23894
53546
53395
23847
23845
24261
23943
11749
2555
24072
563
278
852
53020
53356
11528
242
589
718
213
862
23985
1992
53099
438
752
2390
875
2436
2474
23850
706
11631
11655
367
24100
2300
24148
1961
665
53326
23824
24119
916
2318
24126
305
24037
317
526
2479
1964
53076
2558
2184
2277
23868
53081
53235
2126
2164
23915
53364
828
24102
223
564
2460
770
310
53285
11599
53403
540
24219
936
2242
2372
2451
187
339
2438
279
525
2125
824
23907
522
23842
53192
2386
24221
53350
691
2303
462
2174
24088
24140
250
692
291
412
23959
2127
53429
11692
53375
2356
2664
11722
23839
314
2517
1908
24074
24218
53165
2496
721
24172
646
2170
2007
2056
503
11748
53474
1974
2136
2404
11680
2082
53292
903
2202
53362
898
53479
965
741
24213
53102
380
181
11576
487
678
922
11532
23843
939
575
2484
11596
53406
23994
334
2388
1912
962
245
2354
872
494
330
2495
11753
53325
2220
11649
11747
2602
24052
11578
53291
985
2237
53220
689
11506
2308
2423
53208
2394
148
384
23900
842
23893
53460
23825
2721
649
53500
53441
788
205
11789
53044
288
2514
11740
53431
491
2635
455
889
53098
1927
53227
284
621
1968
1944
11765
53075
53168
934
11703
24053
53137
2348
11509
53447
2086
53485
2471
191
2099
2276
2327
53248
927
2720
1945
23865
881
11507
24224
53467
2312
509
161
204
2089
763
389
892
2096
24004
53169
349
468
11706
2599
725
2105
774
2539
2238
53478
2000
11614
2192
397
227
2002
11607
24249
23896
11552
968
2068
53119
53330
53066
761
53057
878
2421
11618
23864
2097
566
53106
53110
231
267
928
2232
2588
980
2287
144
53012
53236
620
11669
728
2502
11665
141
2408
1980
53320
53065
24125
11689
53221
53189
53264
2073
11545
2291
53268
424
24113
445
2440
849
147
705
24183
819
454
23901
24243
2155
356
53156
611
2355
548
2653
368
2196
869
375
477
234
2064
2092
2006
11657
1913
53277
514
276
2069
24120
24240
53349
53047
53055
53196
322
188
640
2353
2428
406
756
11562
884
2205
2370
24290
24252
832
11627
23904
24163
11814
11623
11588
2594
23973
360
2427
53470
2020
2573
11572
52932
479
840
2792
1919
11534
53061
400
512
280
740
2449
306
321
507
53183
53289
897
53471
2518
24023
2319
2730
53226
11603
1940
641
776
1910
53276
653
562
651
2467
24235
52999
628
53514
2516
11605
2347
155
326
2084
1959
53499
650
2490
11610
342
11688
53230
53498
2019
816
23875
388
53527
795
2149
944
511
2088
2405
1911
11638
23971
702
2180
53014
24155
2420
432
2280
1939
2254
53191
2249
23937
1977
738
53031
53338
2578
844
2564
11625
2104
24250
53257
11611
2425
2454
11634
24115
23978
53323
759
24200
2304
2387
24180
53136
1956
24032
23925
24258
23872
253
2094
24028
2282
506
53321
810
2171
201
53153
24015
450
23990
2383
2330
24075
2176
456
24129
24078
24177
53267
745
11548
1972
53412
2185
53472
263
11718
23861
579
11668
11568
2044
230
53019
1902
24108
24031
24064
615
410
11674
547
24005
24136
53120
2067
167
11554
23854
23969
630
53234
11736
324
177
53378
443
2038
11531
53073
23790
2297
598
11529
2203
53232
817
53439
53194
53146
53430
170
2648
838
476
24220
53050
53150
622
2305
2407
53386
435
52996
53205
1962
23807
11779
23799
11755
674
2189
215
2583
687
138
24276
790
11750
53401
196
841
2289
157
2178
2310
24082
336
53366
686
11570
634
2137
11653
24018
2751
11664
23897
2597
573
2101
24009
2301
24060
926
451
670
2048
2498
258
53273
655
24121
53466
2213
2497
2543
2569
2503
11630
53018
2377
53228
2509
929
24103
778
382
2108
2670
197
2072
2230
2344
307
11695
292
515
931
2334
11739
53215
2122
510
53054
679
23952
53170
53068
748
633
24065
2264
2574
277
645
2029
23910
11560
24056
2083
857
2146
989
23984
53373
1957
53225
53244
53233
24118
2461
53038
704
2368
24021
53134
286
2252
2630
24067
24050
2151
23833
2444
239
209
11524
1901
23999
24096
341
24165
289
631
2508
919
2549
53240
1967
53030
271
2075
24186
23852
214
642
11580
53477
24112
2415
11744
11661
53203
2218
23942
53172
553
847
24211
577
303
53468
2040
53063
165
632
2102
2677
53444
53166
2369
24068
24033
53217
11729
2465
53462
369
1984
2511
53004
11569
2333
2671
652
831
850
23962
681
2181
769
53105
283
2113
11637
481
2066
1920
2013
2477
53135
24101
2200
935
820
23996
179
2458
11563
882
53424
262
52931
1928
764
24105
2382
2278
23837
1880
24238
2257
793
583
24169
24171
23930
11696
2078
2441
845
53128
854
2374
2018
23931
23871
53379
379
24152
53283
24092
785
24035
53476
11598
11766
11716
53160
638
2349
2431
53519
835
2548
53540
11551
53115
2217
11641
416
2655
751
635
2400
923
53304
2111
536
376
53298
53336
947
1996
2240
775
53132
24083
475
11686
53358
556
830
1976
281
53288
370
486
730
2033
2456
319
2279
799
917
257
2649
762
24146
2506
146
23883
53457
11518
23886
1982
794
2169
53022
1975
396
568
246
53383
24084
53370
53311
600
407
24062
24073
11619
2159
636
11604
2197
2079
2004
946
2590
24127
2307
53563
2534
53167
23876
2552
2483
11515
2041
53293
2605
2135
2401
2014
661
2143
601
52998
2123
53222
168
938
24247
24257
285
24124
2313
11579
23913
53218
2292
11711
2735
53250
608
932
255
2085
974
1993
714
626
365
24047
572
617
469
53532
53327
2154
839
53151
53279
53028
53104
270
11697
53422
458
581
53374
744
265
2003
23954
2424
53200
273
868
23927
2414
23940
23988
331
2081
1894
24174
24013
53294
225
951
2340
2393
198
11558
913
52918
619
625
11737
2234
2187
53056
731
327
2793
2591
23989
53385
53180
23903
2210
24145
53352
11659
23929
2379
732
23860
580
24099
24070
952
565
11553
152
11561
53344
905
53229
24026
53178
236
11713
53155
24232
603
2501
11547
23916
694
414
727
863
2448
442
11571
557
53301
53251
348
2098
2545
335
2326
23806
425
53243
162
2346
1949
337
23924
733
2036
502
2332
153
2227
23829
232
11645
758
2576
789
11582
53539
539
2641
1903
11707
23948
53080
834
726
151
53529
836
24182
2253
2269
23926
1893
266
945
233
605
2336
53209
53473
667
53308
2074
23977
23921
398
2011
921
23987
11769
392
53365
53448
918
2060
11609
11602
11672
2268
184
11606
24226
53351
52997
2482
299
977
2077
24167
53578
318
2061
484
300
2592
2673
53391
517
988
24022
437
53404
2228
2046
53188
183
24106
623
11685
23887
23889
550
143
801
23934
350
24027
24191
713
259
2243
2263
2617
53432
11684
11615
53522
23923
1933
53239
2538
530
2139
53346
2535
24110
409
264
2259
53101
675
1986
53608
2133
11687
53100
954
11691
53058
195
768
24001
311
809
771
671
24076
750
2481
2173
597
2080
11542
1973
2152
11591
23891
208
513
2214
53331
2052
2550
2770
2357
2397
23967
11508
23874
24043
53060
24181
490
53152
848
172
53042
53249
1989
23844
724
11728
53286
53328
374
53090
53113
11671
53501
2696
2640
53139
444
607
757
2470
53332
2328
24231
449
590
2546
2247
2337
53121
53560
2224
552
1990
11565
23908
2365
606
53318
53145
950
11616
24097
2315
11721
2215
2223
24036
569
53456
23944
899
53480
696
2100
1938
24255
492
700
11555
53516
2055
24111
2157
274
24133
23820
24162
340
2351
2432
24003
754
440
24205
672
585
11584
722
554
2057
2110
1917
647
535
2163
624
11517
2015
11530
2283
2378
53142
2445
53334
11724
23840
2160
2433
24139
53333
523
736
53533
990
2158
53124
53260
2311
53616
24237
53181
150
587
796
53537
413
24267
53414
53377
53645
11594
877
532
2411
260
893
53481
2071
23881
297
2032
11705
53187
53171
24090
2663
11745
24135
53369
24156
813
2510
676
11617
23776
2325
781
629
2246
2406
2005
11663
11543
2532
2172
11589
346
23885
1921
53143
578
53361
23939
574
806
23941
643
495
23972
2209
53077
1935
2587
627
2593
415
24214
53173
53201
767
171
2221
53394
2362
984
53034
2575
23827
2392
364
24019
53263
316
958
2008
24116
933
644
592
2488
2658
53091
235
2570
874
2463
53541
493
421
2070
24059
516
377
2537
2258
53354
2271
207
24166
23859
1997
353
464
2134
2022
11675
53079
2634
2385
53316
390
2309
24227
658
53324
23911
355
961
11759
23814
2525
2409
24275
1932
2391
1999
53337
23958
23968
200
53224
11651
53266
963
53368
1966
23957
1947
23828
24104
465
504
2596
11566
53097
1895
11621
220
53597
53109
2366
24014
814
23975
53184
2286
584
24079
24081
2285
23953
908
238
11757
24188
53484
894
53372
53108
53340
1904
189
11513
53455
202
417
11704
2293
372
2399
1998
53117
860
787
2586
808
11726
24046
199
23819
53413
2835
1958
11648
719
2654
53452
332
24086
2533
24185
11575
1954
24161
174
2302
1931
11666
254
2505
53223
685
11741
436
883
2606
2652
53482
53345
53382
11660
23882
11540
11533
419
53493
2623
1970
24242
2715
53258
924
24229
805
2195
298
466
53052
2145
23947
11628
308
53040
11585
53175
542
11581
879
24254
23932
268
720
23812
613
2412
53048
53114
11710
2646
2270
537
2290
11725
53087
229
2267
11732
2522
2361
23898
11640
2216
11557
23877
403
2132
2679
2053
2298
23950
11731
427
53426
648
2161
2544
11550
876
11768
53530
359
53297
426
2561
24041
2063
53417
2250
53149
53317
2212
24034
53072
982
960
2627
802
669
24134
11808
2566
2422
23961
2530
2507
24233
320
1953
459
2384
2551
23917
716
210
203
226
53138
228
2201
2489
53454
1909
2179
53306
53275
800
2373
53683
24128
24030
24093
53116
11541
53241
53026
2656
53295
690
323
53219
2193
24157
163
24301
53576
544
2643
2756
23818
2248
1991
2208
11612
673
186
53502
24077
23811
53322
11502
53544
11643
582
23899
23933
53127
2114
11791
53450
53353
53078
2049
520
2529
11587
24203
2459
287
2168
216
2165
1929
53193
53483
53487
2273
53195
192
53400
24151
24048
434
866
2645
53159
53503
24016
2261
23945
11632
2358
363
891
24091
53126
53449
53489
753
53269
2610
53262
11667
401
24109
53376
408
765
2491
11760
925
855
24114
1922
2376
53069
657
2650
23905
53000
53681
23918
53071
53387
576
23815
11738
169
825
2413
973
2439
53392
53415
11742
312
822
405
534
699
24144
24215
858
1923
53161
23890
11701
703
2466
11658
2091
23856
2116
402
24248
23884
23831
2341
11626
2206
11700
53411
561
2065
218
11535
23951
23956
2095
11573
2239
656
902
942
1979
53513
1985
2500
53538
293
2266
53199
11650
249
856
430
452
53408
23863
23935
2051
2512
2615
2513
739
682
446
979
2001
53464
914
53083
221
420
24094
53654
24055
2616
2396
11690
888
23869
2251
433
53247
2571
2010
24195
11590
24044
2103
2017
53543
53255
53140
53300
24199
53357
53296
2504
2037
11756
53093
2435
53486
53270
423
2430
24216
11629
2245
53309
2339
11719
473
24010
2519
53148
23995
2476
2118
24025
729
2295
53443
2317
53112
53086
742
2026
2629
11539
23878
411
2031
2565
361
2035
1988
618
149
53397
53036
53157
53213
11709
1924
53384
2531
240
338
2540
1983
53164
2494
2680
23997
418
846
654
53310
11549
594
1948
11519
23873
2320
519
53623
11683
53238
2402
662
385
11676
2043
2572
2614
2198
222
53496
219
53095
2568
53475
2260
11592
901
2452
53182
586
11646
2426
11523
24138
971
53141
2668
2226
2231
2739
11730
53446
967
11537
2364
261
524
24234
53133
2166
2682
1943
24132
373
53587
457
53177
366
2059
500
2023
24143
488
53355
11714
710
2621
663
53281
53551
602
11758
2294
23964
53371
53381
2062
180
159
797
2225
53398
1951
386
23879
24159
2493
11546
24107
53162
2437
911
24071
53562
53029
461
164
1930
2345
53237
53363
937
53512
53206
588
707
2162
637
24228
53046
11698
11751
24149
11652
2464
23892
826
53399
53510
501
666
24061
23914
24012
2204
2691
23979
680
53035
53329
53245
302
2350
11717
784
904
23888
471
11593
53302
275
399
11693
804
2352
570
11773
2167
545
53096
53280
2281
53342
282
2360
783
24259
2191
11699
224
2244
2255
156
23986
1906
23928
11670
2633
23862
11635
11564
53084
1914
920
53179
11787
870
431
2147
11556
145
2119
760
53305
178
2275
11679
53535
23955
940
23981
23992
2581
812
53103
23858
394
53216
53176
24024
387
11538
2087
53393
24049
2560
24168
660
2675
53259
11516
853
2674
24131
2331
2457
53319
24058
591
11723
53437
53360
1907
11567
472
53037
843
2284
11673
53062
53347
24057
24045
1965
2473
11682
2034
362
23966
2446
2604
11512
391
11559
53023
2410
53271
2045
604
11514
53536
24175
803
53158
2323
53197
11636
508
2141
956
543
11662
53131
53423
158
2124
912
53303
52977
2523
823
24069
2316
23949
2130
2150
53051
871
24194
244
23965
723
217
53070
1934
53053
527
2042
798
2107
53287
2058
11583
53092
166
2447
2027
53552
24051
53343
2462
251
2138
2363
24085
24230
2194
886
53214
2389
256
24098
53606
190
395
2229
23853
2182
11788
24054
24007
11767
558
639
24006
1995
2090
53253
2177
383
53315
24170
23980
969
248
2478
811
309
24029
2343
53088
53122
241
551
53534
873
2009
2716
11715
24095
53531
2329
11746
53388
24038
2359
818
11574
381
53556
24154
24197
976
24089
53335
447
448
2662
23838
53144
964
53312
11694
659
474
429
24212
777
887
23982
2694
53089
206
612
567
23880
23960
2639
24150
194
24274
352
1994
53284
755
2144
616
2521
2117
715
53469
11526
949
11521
24008
53622
2021
343
978
53445
460
11510
463
712
2541
24123
247
2469
53389
53428
24210
175
2272
2016
23743
11527
528
743
23974
53359
953
2153
53402
53459
53497
2622
24011
1950
11620
571
2475
23920
1978
24223
24244
478
Window 1
24142
53390
24201
24160
53427
53435
24187
53549
53282
11642
23867
23800
53129
24190
53438
53212
24039
23841
23970
53174
53190
24080
23936
23870
23846
53517
11644
11577
11733
11678
23963
24245
11639
53504
53593
53463
24002
53207
11702
11708
11601
11595
24173
53186
53602
24063
11656
23993
53107
53313
23906
23813
53451
53436
23912
53348
23983
11763
11544
24117
24122
53265
53367
53123
53601
11743
24193
24273
23998
11511
53433
53272
53416
24192
23772
53163
11613
24184
53407
23836
23946
53545
53339
53210
11735
53041
53511
24000
53246
53252
24020
24153
11654
53274
53299
11586
11712
53518
53261
24066
53314
11734
23808
53198
24017
11525
24042
53154
53405
53458
53584
53094
24207
11622
23938
53380
53254
23849
11633
23902
53574
11608
11647
24040
53211
53202
11727
53231
53440
24278
24246
53453
53396
53256
53024
11720
11761
53242
24130
24264
11536
52945
53290
24087
53074
53410
11681
53204
24176
53049
53130
24147
23922
53125
53278
24196
11624
23919
53118
53509
11600
24141
53032
23991
11597
11677
23909
53307
53027
53016
23802
53064
23894
53546
53395
23847
23845
24261
23943
11749
24072
53020
53356
11528
23985
53099
23850
11631
11655
24100
24148
53326
23824
24119
24126
24037
53076
23868
53081
53235
23915
53364
24102
53285
11599
53403
24219
23907
23842
53192
24221
53350
24088
24140
23959
53429
11692
53375
11722
23839
24074
24218
53165
24172
11748
53474
11680
53292
53362
53479
24213
53102
11576
11532
23843
11596
53406
23994
11753
53325
11649
11747
24052
11578
53291
53220
11506
53208
23900
23893
53460
23825
53500
53441
11789
53044
11740
53431
53098
53227
11765
53075
53168
11703
24053
53137
11509
53447
53485
53248
23865
11507
24224
53467
24004
53169
11706
53478
11614
11607
24249
23896
11552
53119
53330
53066
53057
11618
23864
53106
53110
53012
53236
11669
11665
53320
53065
24125
11689
53221
53189
53264
11545
53268
24113
24183
23901
24243
53156
11657
53277
24120
24240
53349
53047
53055
53196
11562
24290
24252
11627
23904
24163
11814
11623
11588
23973
53470
11572
52932
11534
53061
53183
53289
53471
24023
53226
11603
53276
24235
52999
53514
11605
53499
11610
11688
53230
53498
23875
53527
11638
23971
53014
24155
53191
23937
53031
53338
11625
24250
53257
11611
11634
24115
23978
53323
24200
24180
53136
24032
23925
24258
23872
24028
53321
53153
24015
23990
24075
24129
24078
24177
53267
11548
53412
53472
11718
23861
11668
11568
53019
24108
24031
24064
11674
24005
24136
53120
11554
23854
23969
53234
11736
53378
11531
53073
23790
11529
53232
53439
53194
53146
53430
24220
53050
53150
53386
52996
53205
23807
11779
23799
11755
24276
11750
53401
24082
53366
11570
11653
24018
11664
23897
24009
24060
53273
24121
53466
11630
53018
53228
24103
11695
11739
53215
53054
23952
53170
53068
24065
23910
11560
24056
23984
53373
53225
53244
53233
24118
53038
24021
53134
24067
24050
23833
11524
23999
24096
24165
53240
53030
24186
23852
11580
53477
24112
11744
11661
53203
23942
53172
24211
53468
53063
53444
53166
24068
24033
53217
11729
53462
53004
11569
23962
53105
11637
53135
24101
23996
11563
53424
52931
24105
23837
24238
24169
24171
23930
11696
53128
23931
23871
53379
24152
53283
24092
24035
53476
11598
11766
11716
53160
53519
53540
11551
53115
11641
53304
53298
53336
53132
24083
11686
53358
53288
24146
23883
53457
11518
23886
53022
53383
24084
53370
53311
24062
24073
11619
11604
24127
53563
53167
23876
11515
53293
52998
53222
24247
24257
24124
11579
23913
53218
11711
53250
24047
53532
53327
53151
53279
53028
53104
11697
53422
53374
23954
53200
23927
23940
23988
24174
24013
53294
11558
52918
11737
53056
23989
53385
53180
23903
24145
53352
11659
23929
23860
24099
24070
11553
11561
53344
53229
24026
53178
11713
53155
24232
11547
23916
11571
53301
53251
23806
53243
23924
23829
11645
11582
53539
11707
23948
53080
53529
24182
23926
53209
53473
53308
23977
23921
23987
11769
53365
53448
11609
11602
11672
11606
24226
53351
52997
24167
53578
53391
24022
53404
53188
24106
11685
23887
23889
23934
24027
24191
53432
11684
11615
53522
23923
53239
53346
24110
53101
53608
11687
53100
11691
53058
24001
24076
11542
11591
23891
53331
23967
11508
23874
24043
53060
24181
53152
53042
53249
23844
11728
53286
53328
53090
53113
11671
53501
53139
53332
24231
53121
53560
11565
23908
53318
53145
11616
24097
11721
24036
53456
23944
53480
24255
11555
53516
24111
24133
23820
24162
24003
24205
11584
11517
11530
53142
53334
11724
23840
24139
53333
53533
53124
53260
53616
24237
53181
53537
24267
53414
53377
53645
11594
53481
23881
11705
53187
53171
24090
11745
24135
53369
24156
11617
23776
11663
11543
11589
23885
53143
53361
23939
23941
23972
53077
24214
53173
53201
53394
53034
23827
24019
53263
24116
53091
53541
24059
53354
24166
23859
11675
53079
53316
24227
53324
23911
11759
23814
24275
53337
23958
23968
53224
11651
53266
53368
23957
23828
24104
11566
53097
11621
53597
53109
24014
23975
53184
24079
24081
23953
11757
24188
53484
53372
53108
53340
11513
53455
11704
53117
11726
24046
23819
53413
11648
53452
24086
24185
11575
24161
11666
53223
11741
53482
53345
53382
11660
23882
11540
11533
53493
24242
53258
24229
53052
23947
11628
53040
11585
53175
11581
24254
23932
23812
53048
53114
11710
11725
53087
11732
23898
11640
11557
23877
23950
11731
53426
11550
11768
53530
53297
24041
53417
53149
53317
24034
53072
24134
11808
23961
24233
23917
53138
53454
53306
53275
53683
24128
24030
24093
53116
11541
53241
53026
53295
53219
24157
24301
53576
23818
11612
53502
24077
23811
53322
11502
53544
11643
23899
23933
53127
11791
53450
53353
53078
11587
24203
53193
53483
53487
53195
53400
24151
24048
53159
53503
24016
23945
11632
24091
53126
53449
53489
53269
53262
11667
24109
53376
11760
24114
53069
23905
53000
53681
23918
53071
53387
23815
11738
53392
53415
11742
24144
24215
53161
23890
11701
11658
23856
24248
23884
23831
11626
11700
53411
11535
23951
23956
11573
53513
53538
53199
11650
53408
23863
23935
53464
53083
24094
53654
24055
11690
23869
53247
24195
11590
24044
53543
53255
53140
53300
24199
53357
53296
11756
53093
53486
53270
24216
11629
53309
11719
24010
53148
23995
24025
53443
53112
53086
11539
23878
53397
53036
53157
53213
11709
53384
53164
23997
53310
11549
11519
23873
53623
11683
53238
11676
53496
53095
53475
11592
53182
11646
11523
24138
53141
11730
53446
11537
24234
53133
24132
53587
53177
24143
53355
11714
53281
53551
11758
23964
53371
53381
53398
23879
24159
11546
24107
53162
24071
53562
53029
53237
53363
53512
53206
24228
53046
11698
11751
24149
11652
23892
53399
53510
24061
23914
24012
23979
53035
53329
53245
11717
23888
11593
53302
11693
11773
53096
53280
53342
24259
11699
23986
23928
11670
23862
11635
11564
53084
53179
11787
11556
53305
11679
53535
23955
23981
23992
53103
23858
53216
53176
24024
11538
53393
24049
24168
53259
11516
24131
53319
24058
11723
53437
53360
11567
53037
11673
53062
53347
24057
24045
11682
23966
11512
11559
53023
53271
11514
53536
24175
53158
53197
11636
11662
53131
53423
53303
52977
24069
23949
53051
24194
23965
53070
53053
53287
11583
53092
53552
24051
53343
24085
24230
53214
24098
53606
23853
11788
24054
24007
11767
24006
53253
53315
24170
23980
24029
53088
53122
53534
11715
24095
53531
11746
53388
24038
11574
53556
24154
24197
24089
53335
23838
53144
53312
11694
24212
23982
53089
23880
23960
24150
24274
53284
53469
11526
11521
24008
53622
53445
11510
24123
53389
53428
24210
23743
11527
23974
53359
53402
53459
53497
24011
11620
23920
24223
24244
Window 2
24142
53390
24201
24160
53427
53435
24187
53549
53282
11642
23867
23800
53129
24190
53438
53212
24039
23841
23970
53174
53190
24080
23936
23870
23846
53517
11644
11577
11733
11678
23963
24245
11639
53504
53593
53463
24002
53207
11702
11708
11601
11595
24173
53186
53602
24063
11656
23993
53107
53313
23906
23813
53451
53436
23912
53348
23983
11763
11544
24117
24122
53265
53367
53123
53601
11743
24193
24273
23998
11511
53433
53272
53416
24192
23772
53163
11613
24184
53407
23836
23946
53545
53339
53210
11735
53041
53511
24000
53246
53252
24020
24153
11654
53274
53299
11586
11712
53518
53261
24066
53314
11734
23808
53198
24017
11525
24042
53154
53405
53458
53584
53094
24207
11622
23938
53380
53254
23849
11633
23902
53574
11608
11647
24040
53211
53202
11727
53231
53440
24278
24246
53453
53396
53256
53024
11720
11761
53242
24130
24264
11536
52945
53290
24087
53074
53410
11681
53204
24176
53049
53130
24147
23922
53125
53278
24196
11624
23919
53118
53509
11600
24141
53032
23991
11597
11677
23909
53307
53027
53016
23802
53064
23894
53546
53395
23847
23845
24261
23943
11749
24072
53020
53356
11528
23985
53099
23850
11631
11655
24100
24148
53326
23824
24119
24126
24037
53076
23868
53081
53235
23915
53364
24102
53285
11599
53403
24219
23907
23842
53192
24221
53350
24088
24140
23959
53429
11692
53375
11722
23839
24074
24218
53165
24172
11748
53474
11680
53292
53362
53479
24213
53102
11576
11532
23843
11596
53406
23994
11753
53325
11649
11747
24052
11578
53291
53220
11506
53208
23900
23893
53460
23825
53500
53441
11789
53044
11740
53431
53098
53227
11765
53075
53168
11703
24053
53137
11509
53447
53485
53248
23865
11507
24224
53467
24004
53169
11706
53478
11614
11607
24249
23896
11552
53119
53330
53066
53057
11618
23864
53106
53110
53012
53236
11669
11665
53320
53065
24125
11689
53221
53189
53264
11545
53268
24113
24183
23901
24243
53156
11657
53277
24120
24240
53349
53047
53055
53196
11562
24290
24252
11627
23904
24163
11814
11623
11588
23973
53470
11572
52932
11534
53061
53183
53289
53471
24023
53226
11603
53276
24235
52999
53514
11605
53499
11610
11688
53230
53498
23875
53527
11638
23971
53014
24155
53191
23937
53031
53338
11625
24250
53257
11611
11634
24115
23978
53323
24200
24180
53136
24032
23925
24258
23872
24028
53321
53153
24015
23990
24075
24129
24078
24177
53267
11548
53412
53472
11718
23861
11668
11568
53019
24108
24031
24064
11674
24005
24136
53120
11554
23854
23969
53234
11736
53378
11531
53073
23790
11529
53232
53439
53194
53146
53430
24220
53050
53150
53386
52996
53205
23807
11779
23799
11755
24276
11750
53401
24082
53366
11570
11653
24018
11664
23897
24009
24060
53273
24121
53466
11630
53018
53228
24103
11695
11739
53215
53054
23952
53170
53068
24065
23910
11560
24056
23984
53373
53225
53244
53233
24118
53038
24021
53134
24067
24050
23833
11524
23999
24096
24165
53240
53030
24186
23852
11580
53477
24112
11744
11661
53203
23942
53172
24211
53468
53063
53444
53166
24068
24033
53217
11729
53462
53004
11569
23962
53105
11637
53135
24101
23996
11563
53424
52931
24105
23837
24238
24169
24171
23930
11696
53128
23931
23871
53379
24152
53283
24092
24035
53476
11598
11766
11716
53160
53519
53540
11551
53115
11641
53304
53298
53336
53132
24083
11686
53358
53288
24146
23883
53457
11518
23886
53022
53383
24084
53370
53311
24062
24073
11619
11604
24127
53563
53167
23876
11515
53293
52998
53222
24247
24257
24124
11579
23913
53218
11711
53250
24047
53532
53327
53151
53279
53028
53104
11697
53422
53374
23954
53200
23927
23940
23988
24174
24013
53294
11558
52918
11737
53056
23989
53385
53180
23903
24145
53352
11659
23929
23860
24099
24070
11553
11561
53344
53229
24026
53178
11713
53155
24232
11547
23916
11571
53301
53251
23806
53243
23924
23829
11645
11582
53539
11707
23948
53080
53529
24182
23926
53209
53473
53308
23977
23921
23987
11769
53365
53448
11609
11602
11672
11606
24226
53351
52997
24167
53578
53391
24022
53404
53188
24106
11685
23887
23889
23934
24027
24191
53432
11684
11615
53522
23923
53239
53346
24110
53101
53608
11687
53100
11691
53058
24001
24076
11542
11591
23891
53331
23967
11508
23874
24043
53060
24181
53152
53042
53249
23844
11728
53286
53328
53090
53113
11671
53501
53139
53332
24231
53121
53560
11565
23908
53318
53145
11616
24097
11721
24036
53456
23944
53480
24255
11555
53516
24111
24133
23820
24162
24003
24205
11584
11517
11530
53142
53334
11724
23840
24139
53333
53533
53124
53260
53616
24237
53181
53537
24267
53414
53377
53645
11594
53481
23881
11705
53187
53171
24090
11745
24135
53369
24156
11617
23776
11663
11543
11589
23885
53143
53361
23939
23941
23972
53077
24214
53173
53201
53394
53034
23827
24019
53263
24116
53091
53541
24059
53354
24166
23859
11675
53079
53316
24227
53324
23911
11759
23814
24275
53337
23958
23968
53224
11651
53266
53368
23957
23828
24104
11566
53097
11621
53597
53109
24014
23975
53184
24079
24081
23953
11757
24188
53484
53372
53108
53340
11513
53455
11704
53117
11726
24046
23819
53413
11648
53452
24086
24185
11575
24161
11666
53223
11741
53482
53345
53382
11660
23882
11540
11533
53493
24242
53258
24229
53052
23947
11628
53040
11585
53175
11581
24254
23932
23812
53048
53114
11710
11725
53087
11732
23898
11640
11557
23877
23950
11731
53426
11550
11768
53530
53297
24041
53417
53149
53317
24034
53072
24134
11808
23961
24233
23917
53138
53454
53306
53275
53683
24128
24030
24093
53116
11541
53241
53026
53295
53219
24157
24301
53576
23818
11612
53502
24077
23811
53322
11502
53544
11643
23899
23933
53127
11791
53450
53353
53078
11587
24203
53193
53483
53487
53195
53400
24151
24048
53159
53503
24016
23945
11632
24091
53126
53449
53489
53269
53262
11667
24109
53376
11760
24114
53069
23905
53000
53681
23918
53071
53387
23815
11738
53392
53415
11742
24144
24215
53161
23890
11701
11658
23856
24248
23884
23831
11626
11700
53411
11535
23951
23956
11573
53513
53538
53199
11650
53408
23863
23935
53464
53083
24094
53654
24055
11690
23869
53247
24195
11590
24044
53543
53255
53140
53300
24199
53357
53296
11756
53093
53486
53270
24216
11629
53309
11719
24010
53148
23995
24025
53443
53112
53086
11539
23878
53397
53036
53157
53213
11709
53384
53164
23997
53310
11549
11519
23873
53623
11683
53238
11676
53496
53095
53475
11592
53182
11646
11523
24138
53141
11730
53446
11537
24234
53133
24132
53587
53177
24143
53355
11714
53281
53551
11758
23964
53371
53381
53398
23879
24159
11546
24107
53162
24071
53562
53029
53237
53363
53512
53206
24228
53046
11698
11751
24149
11652
23892
53399
53510
24061
23914
24012
23979
53035
53329
53245
11717
23888
11593
53302
11693
11773
53096
53280
53342
24259
11699
23986
23928
11670
23862
11635
11564
53084
53179
11787
11556
53305
11679
53535
23955
23981
23992
53103
23858
53216
53176
24024
11538
53393
24049
24168
53259
11516
24131
53319
24058
11723
53437
53360
11567
53037
11673
53062
53347
24057
24045
11682
23966
11512
11559
53023
53271
11514
53536
24175
53158
53197
11636
11662
53131
53423
53303
52977
24069
23949
53051
24194
23965
53070
53053
53287
11583
53092
53552
24051
53343
24085
24230
53214
24098
53606
23853
11788
24054
24007
11767
24006
53253
53315
24170
23980
24029
53088
53122
53534
11715
24095
53531
11746
53388
24038
11574
53556
24154
24197
24089
53335
23838
53144
53312
11694
24212
23982
53089
23880
23960
24150
24274
53284
53469
11526
11521
24008
53622
53445
11510
24123
53389
53428
24210
23743
11527
23974
53359
53402
53459
53497
24011
11620
23920
24223
24244
Window 3
24142
53390
24201
24160
53427
53435
111790
111672
24187
53549
53282
111706
111920
111881
111797
23867
23800
53129
111903
24190
53438
53212
24039
111739
23841
111742
23970
111601
53174
111528
53190
24080
23936
111806
111513
23870
111755
23846
53517
111645
23963
24245
53504
53593
53463
24002
53207
111751
111582
111808
111609
111762
24173
53186
53602
24063
111898
23993
53107
53313
23906
23813
53451
53436
23912
53348
23983
24117
24122
53265
111836
53367
53123
111694
111896
53601
24193
24273
23998
111684
53433
53272
53416
24192
23772
53163
24184
53407
111519
111642
23836
23946
53545
53339
53210
53041
53511
24000
53246
53252
111753
24020
24153
53274
53299
111891
53518
111510
111668
53261
111495
24066
53314
111604
111588
111637
111885
23808
53198
111804
24017
111892
111615
111629
111737
24042
53154
53405
53458
111654
53584
53094
111492
24207
111915
23938
53380
53254
23849
111817
111729
23902
111595
53574
111607
111760
111839
111663
111902
111555
111574
24040
53211
53202
53231
111704
53440
24278
24246
53453
53396
111895
53256
111514
53024
111673
53242
24130
24264
52945
53290
111551
111506
111822
24087
111597
111702
53074
111664
53410
111716
111617
53204
24176
53049
111517
53130
111505
24147
23922
53125
53278
111566
111622
24196
23919
53118
53509
24141
111746
111521
111493
111887
111782
53032
111578
111504
23991
111610
111639
111876
111518
23909
53307
111480
53027
53016
23802
53064
111795
111522
111882
23894
53546
111759
53395
23847
23845
24261
23943
111815
24072
111715
53020
53356
111613
111905
23985
111537
53099
23850
24100
24148
111657
53326
23824
24119
24126
24037
111832
53076
111809
23868
53081
111828
111816
53235
111833
23915
53364
24102
111851
53285
111531
53403
24219
111784
111818
23907
23842
53192
24221
53350
24088
24140
111907
23959
53429
53375
111577
111731
23839
24074
24218
111532
53165
24172
111616
111600
53474
111611
111740
53292
111711
53362
53479
111749
24213
53102
111625
23843
111690
53406
111897
23994
53325
111813
24052
111685
53291
111916
53220
111827
53208
111890
23900
23893
53460
23825
53500
53441
53044
53431
111723
53098
111857
53227
53075
53168
24053
111665
53137
111661
53447
111850
53485
53248
23865
24224
53467
111689
111560
24004
53169
111619
111766
53478
111523
24249
23896
111805
53119
53330
53066
53057
23864
53106
53110
111529
111498
53012
53236
111894
111670
111736
53320
53065
24125
53221
53189
53264
111527
53268
24113
111608
24183
23901
24243
53156
111503
111486
53277
24120
24240
53349
53047
53055
53196
111564
111543
111757
24290
111593
24252
111831
23904
24163
111855
23973
53470
111511
52932
53061
111632
53183
53289
53471
111856
24023
53226
111875
111756
111763
53276
24235
52999
53514
53499
53230
53498
111541
23875
53527
111868
111557
23971
111592
53014
111677
24155
53191
23937
111732
111770
53031
53338
24250
53257
111721
24115
23978
111628
53323
24200
24180
53136
24032
23925
24258
23872
24028
53321
53153
24015
111780
111626
23990
111569
111559
24075
111678
24129
24078
24177
53267
111494
53412
111871
53472
23861
53019
24108
24031
24064
24005
24136
53120
111509
111764
23854
23969
53234
111638
53378
111603
53073
23790
111745
53232
111572
53439
53194
53146
53430
24220
53050
53150
53386
52996
53205
23807
23799
111575
111653
24276
53401
111750
24082
111602
53366
24018
23897
24009
24060
53273
24121
53466
111718
53018
53228
24103
53215
111701
53054
111542
23952
53170
53068
111743
24065
23910
24056
111801
111886
23984
53373
111713
53225
111799
53244
53233
111869
24118
53038
111507
111733
24021
111686
53134
24067
24050
23833
111698
111583
111627
23999
24096
24165
111722
53240
111691
53030
111502
24186
111853
23852
53477
111497
111538
24112
53203
23942
53172
111623
24211
111858
53468
53063
53444
53166
111570
24068
24033
53217
111719
53462
53004
23962
111571
111581
53105
53135
24101
111844
23996
53424
111835
52931
24105
23837
111884
24238
111489
24169
24171
23930
53128
23931
23871
53379
24152
53283
111536
24092
24035
53476
111533
53160
53519
53540
53115
53304
111530
111667
53298
53336
53132
24083
53358
53288
111591
111605
111508
24146
111829
111620
23883
53457
23886
53022
53383
24084
111923
53370
53311
111659
24062
24073
111865
24127
53563
53167
23876
53293
52998
53222
24247
24257
24124
23913
53218
53250
111576
111819
111679
24047
111671
53532
53327
53151
53279
53028
53104
53422
111584
53374
23954
53200
23927
23940
23988
24174
24013
53294
111618
52918
53056
23989
53385
53180
23903
24145
111823
53352
23929
23860
24099
24070
111791
53344
53229
24026
111562
53178
111710
111810
53155
111546
24232
23916
111688
111843
111652
53301
53251
23806
111681
53243
23924
23829
53539
111793
23948
53080
111867
111589
53529
24182
23926
111820
111621
53209
53473
53308
23977
23921
23987
111599
53365
53448
111783
111846
111586
24226
111747
111744
111594
53351
52997
111781
24167
53578
111728
53391
24022
53404
53188
24106
111837
111811
23887
23889
111700
23934
24027
24191
111516
111682
53432
53522
111774
23923
53239
53346
24110
53101
53608
111695
53100
111496
53058
24001
111803
111643
24076
111873
111550
111888
23891
53331
111648
23967
23874
24043
53060
24181
111561
53152
111552
53042
53249
23844
53286
53328
111872
53090
53113
53501
53139
53332
24231
53121
53560
111547
23908
53318
111726
53145
24097
111866
24036
53456
23944
53480
24255
53516
24111
24133
23820
24162
24003
24205
111660
111777
53142
53334
111703
23840
24139
53333
53533
53124
111596
53260
111651
111800
53616
111579
24237
53181
53537
24267
53414
111636
53377
53645
111877
53481
111644
23881
111768
111515
53187
53171
24090
24135
53369
111862
24156
23776
111754
23885
53143
111633
111738
53361
23939
23941
111649
23972
53077
24214
53173
53201
111758
53394
111812
53034
23827
24019
53263
111692
24116
53091
111863
53541
24059
53354
24166
23859
111912
53079
53316
24227
53324
23911
111697
23814
24275
53337
23958
23968
53224
53266
53368
23957
23828
24104
53097
53597
53109
24014
23975
53184
111687
111852
24079
24081
23953
24188
53484
53372
53108
111883
53340
53455
111699
111630
111712
53117
111683
24046
111526
23819
111847
53413
53452
111708
24086
24185
24161
111567
111761
53223
111491
111544
111771
53482
53345
53382
111779
23882
111845
111773
53493
24242
111825
53258
24229
111500
111859
53052
23947
111556
53040
53175
24254
23932
23812
53048
53114
111656
53087
111798
23898
23877
111483
111487
23950
111587
111734
111553
53426
111614
53530
53297
24041
53417
53149
53317
24034
53072
111889
24134
23961
111479
24233
111640
23917
53138
53454
53306
111899
111662
53275
53683
111841
24128
111786
24030
24093
111752
111767
53116
53241
53026
53295
111789
111724
53219
111676
24157
24301
53576
111849
23818
111624
111598
53502
24077
23811
53322
53544
23899
23933
111879
53127
53450
53353
53078
24203
111854
111824
53193
53483
53487
53195
111802
53400
24151
24048
111535
53159
53503
24016
111655
23945
111525
24091
53126
53449
53489
53269
53262
24109
111634
53376
111861
24114
53069
23905
53000
53681
23918
53071
53387
23815
111913
53392
53415
24144
24215
53161
23890
111490
111565
23856
24248
23884
23831
53411
111741
23951
23956
111669
111705
53513
53538
53199
111675
53408
111735
23863
23935
53464
53083
111840
111499
24094
53654
111792
24055
111563
23869
111778
111807
53247
24195
24044
111641
111874
53543
53255
53140
53300
24199
53357
111612
53296
53093
53486
53270
24216
53309
24010
53148
23995
24025
53443
53112
53086
111864
111769
23878
111534
53397
53036
53157
53213
53384
53164
111900
23997
53310
23873
111696
53623
53238
53496
53095
111709
53475
111580
53182
24138
53141
111585
111893
53446
24234
53133
24132
53587
53177
24143
53355
111848
53281
53551
23964
53371
53381
53398
111707
23879
24159
111520
111748
24107
53162
111776
24071
53562
53029
53237
53363
111658
53512
111730
53206
111830
24228
53046
24149
111880
23892
53399
53510
111674
24061
23914
111717
24012
23979
53035
111548
53329
53245
111826
111512
23888
111727
53302
111635
111821
111772
53096
53280
111775
53342
24259
23986
23928
111646
111488
23862
111590
111794
53084
111568
53179
53305
53535
23955
23981
23992
111838
53103
23858
53216
53176
24024
53393
24049
24168
53259
24131
53319
111606
24058
53437
53360
53037
111680
53062
53347
24057
24045
111785
23966
111842
53023
53271
111834
53536
24175
111545
53158
53197
53131
53423
53303
52977
24069
23949
53051
24194
23965
53070
53053
111539
111549
53287
53092
53552
24051
53343
111631
24085
24230
53214
111787
24098
53606
111814
111765
23853
24054
24007
24006
111714
53253
53315
24170
23980
111650
111870
24029
53088
53122
53534
24095
53531
111860
53388
111878
24038
111666
53556
111693
24154
24197
24089
53335
23838
53144
111573
53312
24212
23982
53089
111720
111501
23880
23960
24150
111796
24274
53284
111647
111725
53469
24008
53622
53445
111524
111554
24123
111558
53389
53428
24210
111788
23743
23974
53359
53402
111540
53459
53497
24011
23920
24223
24244
Window 4
24142
53390
24201
24160
53427
53435
111790
111672
24187
53549
53282
111706
111920
111881
111797
23867
23800
53129
111903
24190
53438
53212
24039
111739
23841
111742
23970
111601
53174
111528
53190
24080
23936
111806
111513
23870
111755
23846
53517
111645
23963
24245
53504
53593
53463
24002
53207
111751
111582
111808
111609
111762
24173
53186
53602
24063
111898
23993
53107
53313
23906
23813
53451
53436
23912
53348
23983
24117
24122
53265
111836
53367
53123
111694
111896
53601
24193
24273
23998
111684
53433
53272
53416
24192
23772
53163
24184
53407
111519
111642
23836
23946
53545
53339
53210
53041
53511
24000
53246
53252
111753
24020
24153
53274
53299
111891
53518
111510
111668
53261
111495
24066
53314
111604
111588
111637
111885
23808
53198
111804
24017
111892
111615
111629
111737
24042
53154
53405
53458
111654
53584
53094
111492
24207
111915
23938
53380
53254
23849
111817
111729
23902
111595
53574
111607
111760
111839
111663
111902
111555
111574
24040
53211
53202
53231
111704
53440
24278
24246
53453
53396
111895
53256
111514
53024
111673
53242
24130
24264
52945
53290
111551
111506
111822
24087
111597
111702
53074
111664
53410
111716
111617
53204
24176
53049
111517
53130
111505
24147
23922
53125
53278
111566
111622
24196
23919
53118
53509
24141
111746
111521
111493
111887
111782
53032
111578
111504
23991
111610
111639
111876
111518
23909
53307
111480
53027
53016
23802
53064
111795
111522
111882
23894
53546
111759
53395
23847
23845
24261
23943
111815
24072
111715
53020
53356
111613
111905
23985
111537
53099
23850
24100
24148
111657
53326
23824
24119
24126
24037
111832
53076
111809
23868
53081
111828
111816
53235
111833
23915
53364
24102
111851
53285
111531
53403
24219
111784
111818
23907
23842
53192
24221
53350
24088
24140
111907
23959
53429
53375
111577
111731
23839
24074
24218
111532
53165
24172
111616
111600
53474
111611
111740
53292
111711
53362
53479
111749
24213
53102
111625
23843
111690
53406
111897
23994
53325
111813
24052
111685
53291
111916
53220
111827
53208
111890
23900
23893
53460
23825
53500
53441
53044
53431
111723
53098
111857
53227
53075
53168
24053
111665
53137
111661
53447
111850
53485
53248
23865
24224
53467
111689
111560
24004
53169
111619
111766
53478
111523
24249
23896
111805
53119
53330
53066
53057
23864
53106
53110
111529
111498
53012
53236
111894
111670
111736
53320
53065
24125
53221
53189
53264
111527
53268
24113
111608
24183
23901
24243
53156
111503
111486
53277
24120
24240
53349
53047
53055
53196
111564
111543
111757
24290
111593
24252
111831
23904
24163
111855
23973
53470
111511
52932
53061
111632
53183
53289
53471
111856
24023
53226
111875
111756
111763
53276
24235
52999
53514
53499
53230
53498
111541
23875
53527
111868
111557
23971
111592
53014
111677
24155
53191
23937
111732
111770
53031
53338
24250
53257
111721
24115
23978
111628
53323
24200
24180
53136
24032
23925
24258
23872
24028
53321
53153
24015
111780
111626
23990
111569
111559
24075
111678
24129
24078
24177
53267
111494
53412
111871
53472
23861
53019
24108
24031
24064
24005
24136
53120
111509
111764
23854
23969
53234
111638
53378
111603
53073
23790
111745
53232
111572
53439
53194
53146
53430
24220
53050
53150
53386
52996
53205
23807
23799
111575
111653
24276
53401
111750
24082
111602
53366
24018
23897
24009
24060
53273
24121
53466
111718
53018
53228
24103
53215
111701
53054
111542
23952
53170
53068
111743
24065
23910
24056
111801
111886
23984
53373
111713
53225
111799
53244
53233
111869
24118
53038
111507
111733
24021
111686
53134
24067
24050
23833
111698
111583
111627
23999
24096
24165
111722
53240
111691
53030
111502
24186
111853
23852
53477
111497
111538
24112
53203
23942
53172
111623
24211
111858
53468
53063
53444
53166
111570
24068
24033
53217
111719
53462
53004
23962
111571
111581
53105
53135
24101
111844
23996
53424
111835
52931
24105
23837
111884
24238
111489
24169
24171
23930
53128
23931
23871
53379
24152
53283
111536
24092
24035
53476
111533
53160
53519
53540
53115
53304
111530
111667
53298
53336
53132
24083
53358
53288
111591
111605
111508
24146
111829
111620
23883
53457
23886
53022
53383
24084
111923
53370
53311
111659
24062
24073
111865
24127
53563
53167
23876
53293
52998
53222
24247
24257
24124
23913
53218
53250
111576
111819
111679
24047
111671
53532
53327
53151
53279
53028
53104
53422
111584
53374
23954
53200
23927
23940
23988
24174
24013
53294
111618
52918
53056
23989
53385
53180
23903
24145
111823
53352
23929
23860
24099
24070
111791
53344
53229
24026
111562
53178
111710
111810
53155
111546
24232
23916
111688
111843
111652
53301
53251
23806
111681
53243
23924
23829
53539
111793
23948
53080
111867
111589
53529
24182
23926
111820
111621
53209
53473
53308
23977
23921
23987
111599
53365
53448
111783
111846
111586
24226
111747
111744
111594
53351
52997
111781
24167
53578
111728
53391
24022
53404
53188
24106
111837
111811
23887
23889
111700
23934
24027
24191
111516
111682
53432
53522
111774
23923
53239
53346
24110
53101
53608
111695
53100
111496
53058
24001
111803
111643
24076
111873
111550
111888
23891
53331
111648
23967
23874
24043
53060
24181
111561
53152
111552
53042
53249
23844
53286
53328
111872
53090
53113
53501
53139
53332
24231
53121
53560
111547
23908
53318
111726
53145
24097
111866
24036
53456
23944
53480
24255
53516
24111
24133
23820
24162
24003
24205
111660
111777
53142
53334
111703
23840
24139
53333
53533
53124
111596
53260
111651
111800
53616
111579
24237
53181
53537
24267
53414
111636
53377
53645
111877
53481
111644
23881
111768
111515
53187
53171
24090
24135
53369
111862
24156
23776
111754
23885
53143
111633
111738
53361
23939
23941
111649
23972
53077
24214
53173
53201
111758
53394
111812
53034
23827
24019
53263
111692
24116
53091
111863
53541
24059
53354
24166
23859
111912
53079
53316
24227
53324
23911
111697
23814
24275
53337
23958
23968
53224
53266
53368
23957
23828
24104
53097
53597
53109
24014
23975
53184
111687
111852
24079
24081
23953
24188
53484
53372
53108
111883
53340
53455
111699
111630
111712
53117
111683
24046
111526
23819
111847
53413
53452
111708
24086
24185
24161
111567
111761
53223
111491
111544
111771
53482
53345
53382
111779
23882
111845
111773
53493
24242
111825
53258
24229
111500
111859
53052
23947
111556
53040
53175
24254
23932
23812
53048
53114
111656
53087
111798
23898
23877
111483
111487
23950
111587
111734
111553
53426
111614
53530
53297
24041
53417
53149
53317
24034
53072
111889
24134
23961
111479
24233
111640
23917
53138
53454
53306
111899
111662
53275
53683
111841
24128
111786
24030
24093
111752
111767
53116
53241
53026
53295
111789
111724
53219
111676
24157
24301
53576
111849
23818
111624
111598
53502
24077
23811
53322
53544
23899
23933
111879
53127
53450
53353
53078
24203
111854
111824
53193
53483
53487
53195
111802
53400
24151
24048
111535
53159
53503
24016
111655
23945
111525
24091
53126
53449
53489
53269
53262
24109
111634
53376
111861
24114
53069
23905
53000
53681
23918
53071
53387
23815
111913
53392
53415
24144
24215
53161
23890
111490
111565
23856
24248
23884
23831
53411
111741
23951
23956
111669
111705
53513
53538
53199
111675
53408
111735
23863
23935
53464
53083
111840
111499
24094
53654
111792
24055
111563
23869
111778
111807
53247
24195
24044
111641
111874
53543
53255
53140
53300
24199
53357
111612
53296
53093
53486
53270
24216
53309
24010
53148
23995
24025
53443
53112
53086
111864
111769
23878
111534
53397
53036
53157
53213
53384
53164
111900
23997
53310
23873
111696
53623
53238
53496
53095
111709
53475
111580
53182
24138
53141
111585
111893
53446
24234
53133
24132
53587
53177
24143
53355
111848
53281
53551
23964
53371
53381
53398
111707
23879
24159
111520
111748
24107
53162
111776
24071
53562
53029
53237
53363
111658
53512
111730
53206
111830
24228
53046
24149
111880
23892
53399
53510
111674
24061
23914
111717
24012
23979
53035
111548
53329
53245
111826
111512
23888
111727
53302
111635
111821
111772
53096
53280
111775
53342
24259
23986
23928
111646
111488
23862
111590
111794
53084
111568
53179
53305
53535
23955
23981
23992
111838
53103
23858
53216
53176
24024
53393
24049
24168
53259
24131
53319
111606
24058
53437
53360
53037
111680
53062
53347
24057
24045
111785
23966
111842
53023
53271
111834
53536
24175
111545
53158
53197
53131
53423
53303
52977
24069
23949
53051
24194
23965
53070
53053
111539
111549
53287
53092
53552
24051
53343
111631
24085
24230
53214
111787
24098
53606
111814
111765
23853
24054
24007
24006
111714
53253
53315
24170
23980
111650
111870
24029
53088
53122
53534
24095
53531
111860
53388
111878
24038
111666
53556
111693
24154
24197
24089
53335
23838
53144
111573
53312
24212
23982
53089
111720
111501
23880
23960
24150
111796
24274
53284
111647
111725
53469
24008
53622
53445
111524
111554
24123
111558
53389
53428
24210
111788
23743
23974
53359
53402
111540
53459
53497
24011
23920
24223
24244
Window 5
53390
53427
53435
111790
111672
53549
53282
111706
111920
111881
111797
53129
111903
53438
53212
111739
111742
111601
53174
111528
53190
111806
111513
111755
53517
111645
53504
53593
53463
53207
111751
111582
111808
111609
111762
53186
53602
111898
53107
53313
53451
53436
53348
53265
111836
53367
53123
111694
111896
53601
111684
53433
53272
53416
53163
53407
111519
111642
53545
53339
53210
53041
53511
53246
53252
111753
53274
53299
111891
53518
111510
111668
53261
111495
53314
111604
111588
111637
111885
53198
111804
111892
111615
111629
111737
53154
53405
53458
111654
53584
53094
111492
111915
53380
53254
111817
111729
111595
53574
111607
111760
111839
111663
111902
111555
111574
53211
53202
53231
111704
53440
53453
53396
111895
53256
111514
53024
111673
53242
52945
53290
111551
111506
111822
111597
111702
53074
111664
53410
111716
111617
53204
53049
111517
53130
111505
53125
53278
111566
111622
53118
53509
111746
111521
111493
111887
111782
53032
111578
111504
111610
111639
111876
111518
53307
111480
53027
53016
53064
111795
111522
111882
53546
111759
53395
111815
111715
53020
53356
111613
111905
111537
53099
111657
53326
111832
53076
111809
53081
111828
111816
53235
111833
53364
111851
53285
111531
53403
111784
111818
53192
53350
111907
53429
53375
111577
111731
111532
53165
111616
111600
53474
111611
111740
53292
111711
53362
53479
111749
53102
111625
111690
53406
111897
53325
111813
111685
53291
111916
53220
111827
53208
111890
53460
53500
53441
53044
53431
111723
53098
111857
53227
53075
53168
111665
53137
111661
53447
111850
53485
53248
53467
111689
111560
53169
111619
111766
53478
111523
111805
53119
53330
53066
53057
53106
53110
111529
111498
53012
53236
111894
111670
111736
53320
53065
53221
53189
53264
111527
53268
111608
53156
111503
111486
53277
53349
53047
53055
53196
111564
111543
111757
111593
111831
111855
53470
111511
52932
53061
111632
53183
53289
53471
111856
53226
111875
111756
111763
53276
52999
53514
53499
53230
53498
111541
53527
111868
111557
111592
53014
111677
53191
111732
111770
53031
53338
53257
111721
111628
53323
53136
53321
53153
111780
111626
111569
111559
111678
53267
111494
53412
111871
53472
53019
53120
111509
111764
53234
111638
53378
111603
53073
111745
53232
111572
53439
53194
53146
53430
53050
53150
53386
52996
53205
111575
111653
53401
111750
111602
53366
53273
53466
111718
53018
53228
53215
111701
53054
111542
53170
53068
111743
111801
111886
53373
111713
53225
111799
53244
53233
111869
53038
111507
111733
111686
53134
111698
111583
111627
111722
53240
111691
53030
111502
111853
53477
111497
111538
53203
53172
111623
111858
53468
53063
53444
53166
111570
53217
111719
53462
53004
111571
111581
53105
53135
111844
53424
111835
52931
111884
111489
53128
53379
53283
111536
53476
111533
53160
53519
53540
53115
53304
111530
111667
53298
53336
53132
53358
53288
111591
111605
111508
111829
111620
53457
53022
53383
111923
53370
53311
111659
111865
53563
53167
53293
52998
53222
53218
53250
111576
111819
111679
111671
53532
53327
53151
53279
53028
53104
53422
111584
53374
53200
53294
111618
52918
53056
53385
53180
111823
53352
111791
53344
53229
111562
53178
111710
111810
53155
111546
111688
111843
111652
53301
53251
111681
53243
53539
111793
53080
111867
111589
53529
111820
111621
53209
53473
53308
111599
53365
53448
111783
111846
111586
111747
111744
111594
53351
52997
111781
53578
111728
53391
53404
53188
111837
111811
111700
111516
111682
53432
53522
111774
53239
53346
53101
53608
111695
53100
111496
53058
111803
111643
111873
111550
111888
53331
111648
53060
111561
53152
111552
53042
53249
53286
53328
111872
53090
53113
53501
53139
53332
53121
53560
111547
53318
111726
53145
111866
53456
53480
53516
111660
111777
53142
53334
111703
53333
53533
53124
111596
53260
111651
111800
53616
111579
53181
53537
53414
111636
53377
53645
111877
53481
111644
111768
111515
53187
53171
53369
111862
111754
53143
111633
111738
53361
111649
53077
53173
53201
111758
53394
111812
53034
53263
111692
53091
111863
53541
53354
111912
53079
53316
53324
111697
53337
53224
53266
53368
53097
53597
53109
53184
111687
111852
53484
53372
53108
111883
53340
53455
111699
111630
111712
53117
111683
111526
111847
53413
53452
111708
111567
111761
53223
111491
111544
111771
53482
53345
53382
111779
111845
111773
53493
111825
53258
111500
111859
53052
111556
53040
53175
53048
53114
111656
53087
111798
111483
111487
111587
111734
111553
53426
111614
53530
53297
53417
53149
53317
53072
111889
111479
111640
53138
53454
53306
111899
111662
53275
53683
111841
111786
111752
111767
53116
53241
53026
53295
111789
111724
53219
111676
53576
111849
111624
111598
53502
53322
53544
111879
53127
53450
53353
53078
111854
111824
53193
53483
53487
53195
111802
53400
111535
53159
53503
111655
111525
53126
53449
53489
53269
53262
111634
53376
111861
53069
53000
53681
53071
53387
111913
53392
53415
53161
111490
111565
53411
111741
111669
111705
53513
53538
53199
111675
53408
111735
53464
53083
111840
111499
53654
111792
111563
111778
111807
53247
111641
111874
53543
53255
53140
53300
53357
111612
53296
53093
53486
53270
53309
53148
53443
53112
53086
111864
111769
111534
53397
53036
53157
53213
53384
53164
111900
53310
111696
53623
53238
53496
53095
111709
53475
111580
53182
53141
111585
111893
53446
53133
53587
53177
53355
111848
53281
53551
53371
53381
53398
111707
111520
111748
53162
111776
53562
53029
53237
53363
111658
53512
111730
53206
111830
53046
111880
53399
53510
111674
111717
53035
111548
53329
53245
111826
111512
111727
53302
111635
111821
111772
53096
53280
111775
53342
111646
111488
111590
111794
53084
111568
53179
53305
53535
111838
53103
53216
53176
53393
53259
53319
111606
53437
53360
53037
111680
53062
53347
111785
111842
53023
53271
111834
53536
111545
53158
53197
53131
53423
53303
52977
53051
53070
53053
111539
111549
53287
53092
53552
53343
111631
53214
111787
53606
111814
111765
111714
53253
53315
111650
111870
53088
53122
53534
53531
111860
53388
111878
111666
53556
111693
53335
53144
111573
53312
53089
111720
111501
111796
53284
111647
111725
53469
53622
53445
111524
111554
111558
53389
53428
111788
53359
53402
111540
53459
53497
Window 6
53390
53427
53435
111790
111672
53549
53282
111706
111920
111881
111797
53129
111903
53438
53212
111739
111742
111601
53174
111528
53190
111806
111513
111755
53517
111645
53504
53593
53463
53207
111751
111582
111808
111609
111762
53186
53602
111898
53107
53313
53451
53436
53348
53265
111836
53367
53123
111694
111896
53601
111684
53433
53272
53416
53163
53407
111519
111642
53545
53339
53210
53041
53511
53246
53252
111753
53274
53299
111891
53518
111510
111668
53261
111495
53314
111604
111588
111637
111885
53198
111804
111892
111615
111629
111737
53154
53405
53458
111654
53584
53094
111492
111915
53380
53254
111817
111729
111595
53574
111607
111760
111839
111663
111902
111555
111574
53211
53202
53231
111704
53440
53453
53396
111895
53256
111514
53024
111673
53242
52945
53290
111551
111506
111822
111597
111702
53074
111664
53410
111716
111617
53204
53049
111517
53130
111505
53125
53278
111566
111622
53118
53509
111746
111521
111493
111887
111782
53032
111578
111504
111610
111639
111876
111518
53307
111480
53027
53016
53064
111795
111522
111882
53546
111759
53395
111815
111715
53020
53356
111613
111905
111537
53099
111657
53326
111832
53076
111809
53081
111828
111816
53235
111833
53364
111851
53285
111531
53403
111784
111818
53192
53350
111907
53429
53375
111577
111731
111532
53165
111616
111600
53474
111611
111740
53292
111711
53362
53479
111749
53102
111625
111690
53406
111897
53325
111813
111685
53291
111916
53220
111827
53208
111890
53460
53500
53441
53044
53431
111723
53098
111857
53227
53075
53168
111665
53137
111661
53447
111850
53485
53248
53467
111689
111560
53169
111619
111766
53478
111523
111805
53119
53330
53066
53057
53106
53110
111529
111498
53012
53236
111894
111670
111736
53320
53065
53221
53189
53264
111527
53268
111608
53156
111503
111486
53277
53349
53047
53055
53196
111564
111543
111757
111593
111831
111855
53470
111511
52932
53061
111632
53183
53289
53471
111856
53226
111875
111756
111763
53276
52999
53514
53499
53230
53498
111541
53527
111868
111557
111592
53014
111677
53191
111732
111770
53031
53338
53257
111721
111628
53323
53136
53321
53153
111780
111626
111569
111559
111678
53267
111494
53412
111871
53472
53019
53120
111509
111764
53234
111638
53378
111603
53073
111745
53232
111572
53439
53194
53146
53430
53050
53150
53386
52996
53205
111575
111653
53401
111750
111602
53366
53273
53466
111718
53018
53228
53215
111701
53054
111542
53170
53068
111743
111801
111886
53373
111713
53225
111799
53244
53233
111869
53038
111507
111733
111686
53134
111698
111583
111627
111722
53240
111691
53030
111502
111853
53477
111497
111538
53203
53172
111623
111858
53468
53063
53444
53166
111570
53217
111719
53462
53004
111571
111581
53105
53135
111844
53424
111835
52931
111884
111489
53128
53379
53283
111536
53476
111533
53160
53519
53540
53115
53304
111530
111667
53298
53336
53132
53358
53288
111591
111605
111508
111829
111620
53457
53022
53383
111923
53370
53311
111659
111865
53563
53167
53293
52998
53222
53218
53250
111576
111819
111679
111671
53532
53327
53151
53279
53028
53104
53422
111584
53374
53200
53294
111618
52918
53056
53385
53180
111823
53352
111791
53344
53229
111562
53178
111710
111810
53155
111546
111688
111843
111652
53301
53251
111681
53243
53539
111793
53080
111867
111589
53529
111820
111621
53209
53473
53308
111599
53365
53448
111783
111846
111586
111747
111744
111594
53351
52997
111781
53578
111728
53391
53404
53188
111837
111811
111700
111516
111682
53432
53522
111774
53239
53346
53101
53608
111695
53100
111496
53058
111803
111643
111873
111550
111888
53331
111648
53060
111561
53152
111552
53042
53249
53286
53328
111872
53090
53113
53501
53139
53332
53121
53560
111547
53318
111726
53145
111866
53456
53480
53516
111660
111777
53142
53334
111703
53333
53533
53124
111596
53260
111651
111800
53616
111579
53181
53537
53414
111636
53377
53645
111877
53481
111644
111768
111515
53187
53171
53369
111862
111754
53143
111633
111738
53361
111649
53077
53173
53201
111758
53394
111812
53034
53263
111692
53091
111863
53541
53354
111912
53079
53316
53324
111697
53337
53224
53266
53368
53097
53597
53109
53184
111687
111852
53484
53372
53108
111883
53340
53455
111699
111630
111712
53117
111683
111526
111847
53413
53452
111708
111567
111761
53223
111491
111544
111771
53482
53345
53382
111779
111845
111773
53493
111825
53258
111500
111859
53052
111556
53040
53175
53048
53114
111656
53087
111798
111483
111487
111587
111734
111553
53426
111614
53530
53297
53417
53149
53317
53072
111889
111479
111640
53138
53454
53306
111899
111662
53275
53683
111841
111786
111752
111767
53116
53241
53026
53295
111789
111724
53219
111676
53576
111849
111624
111598
53502
53322
53544
111879
53127
53450
53353
53078
111854
111824
53193
53483
53487
53195
111802
53400
111535
53159
53503
111655
111525
53126
53449
53489
53269
53262
111634
53376
111861
53069
53000
53681
53071
53387
111913
53392
53415
53161
111490
111565
53411
111741
111669
111705
53513
53538
53199
111675
53408
111735
53464
53083
111840
111499
53654
111792
111563
111778
111807
53247
111641
111874
53543
53255
53140
53300
53357
111612
53296
53093
53486
53270
53309
53148
53443
53112
53086
111864
111769
111534
53397
53036
53157
53213
53384
53164
111900
53310
111696
53623
53238
53496
53095
111709
53475
111580
53182
53141
111585
111893
53446
53133
53587
53177
53355
111848
53281
53551
53371
53381
53398
111707
111520
111748
53162
111776
53562
53029
53237
53363
111658
53512
111730
53206
111830
53046
111880
53399
53510
111674
111717
53035
111548
53329
53245
111826
111512
111727
53302
111635
111821
111772
53096
53280
111775
53342
111646
111488
111590
111794
53084
111568
53179
53305
53535
111838
53103
53216
53176
53393
53259
53319
111606
53437
53360
53037
111680
53062
53347
111785
111842
53023
53271
111834
53536
111545
53158
53197
53131
53423
53303
52977
53051
53070
53053
111539
111549
53287
53092
53552
53343
111631
53214
111787
53606
111814
111765
111714
53253
53315
111650
111870
53088
53122
53534
53531
111860
53388
111878
111666
53556
111693
53335
53144
111573
53312
53089
111720
111501
111796
53284
111647
111725
53469
53622
53445
111524
111554
111558
53389
53428
111788
53359
53402
111540
53459
53497
Window 7
53390
131637
131709
53427
53435
111790
111672
53549
131498
132034
53282
131593
131724
111706
131887
111920
111881
111797
131557
53129
131715
131673
111903
131608
131524
131570
53438
53212
131700
111739
131385
131806
111742
131767
111601
53174
111528
53190
111806
111513
111755
53517
131448
131510
111645
131532
131786
53504
53593
53463
53207
111751
111582
111808
132013
111609
111762
131479
132009
53186
131927
53602
111898
53107
53313
131808
131596
53451
131414
53436
53348
131401
131904
131766
53265
111836
53367
131546
53123
111694
111896
131453
131679
53601
131797
131379
131488
131897
131369
111684
131555
53433
131695
53272
53416
131968
53163
131604
53407
111519
131990
111642
131480
53545
53339
53210
132008
53041
131451
53511
131620
131564
53246
53252
131676
131934
111753
131795
53274
53299
131703
111891
131672
53518
111510
111668
53261
111495
53314
131558
111604
131399
111588
111637
131721
131780
111885
131461
131746
131514
53198
111804
111892
111615
111629
111737
53154
53405
53458
131828
111654
53584
131674
53094
111492
131805
111915
53380
131982
131581
53254
111817
131473
111729
131612
111595
53574
111607
111760
111839
111663
111902
131664
131941
111555
131606
131783
111574
131648
131587
53211
53202
131741
53231
111704
131650
53440
131447
131855
53453
53396
131368
111895
53256
111514
53024
111673
131874
53242
131410
131416
52945
131613
53290
111551
111506
111822
111597
111702
53074
111664
131972
53410
111716
111617
131702
53204
53049
111517
53130
111505
53125
53278
111566
111622
131551
131759
131951
131475
131462
53118
53509
131440
131530
111746
131680
111521
111493
111887
111782
53032
131737
111578
111504
111610
111639
111876
131500
111518
53307
111480
53027
53016
131354
131756
53064
131896
131886
111795
111522
111882
53546
131710
111759
53395
131880
111815
131851
131686
131916
111715
131728
53020
53356
131370
111613
111905
111537
131471
131923
53099
131411
131947
131733
111657
131492
53326
131360
111832
53076
111809
131607
53081
111828
111816
131552
53235
111833
131383
53364
111851
131758
131801
131827
131826
53285
111531
53403
131656
131657
131511
131601
111784
131446
131955
131845
131782
132018
111818
131844
53192
131687
53350
131549
111907
131467
131477
53429
131591
53375
111577
131953
111731
131757
131794
131925
111532
131970
53165
111616
111600
131889
53474
111611
111740
131595
131380
131821
53292
111711
53362
53479
111749
131536
53102
132033
111625
131846
131678
111690
131460
53406
111897
131509
131836
131560
131525
53325
131681
111813
111685
53291
111916
53220
111827
53208
131909
111890
53460
131589
131565
53500
53441
131753
53044
53431
131699
131720
111723
131830
131898
53098
131452
111857
53227
53075
53168
131497
131833
111665
53137
131752
111661
131528
53447
111850
53485
53248
131960
131669
131575
131734
131614
53467
111689
111560
131402
131791
53169
131688
131651
111619
131870
111766
53478
111523
131397
131811
131632
111805
53119
53330
53066
53057
53106
53110
131516
111529
111498
131362
131507
53012
53236
111894
111670
111736
131832
53320
53065
53221
53189
53264
131879
111527
53268
131487
111608
131924
131485
131431
131418
131577
131434
53156
111503
131856
131961
111486
131541
131819
131435
53277
131930
53349
53047
53055
53196
111564
111543
111757
111593
111831
131534
111855
131619
53470
111511
131840
52932
131738
53061
131943
111632
131571
53183
53289
53471
111856
131942
131533
131356
53226
131374
131594
131891
111875
111756
111763
131644
53276
131682
52999
131582
131502
53514
131825
53499
131749
53230
53498
111541
131392
53527
111868
131553
131432
131481
131645
111557
131976
131622
111592
53014
131890
111677
131566
131755
53191
131839
111732
111770
131732
53031
53338
131785
131563
53257
111721
131443
111628
53323
132007
53136
131796
131859
53321
131573
53153
111780
111626
131389
111569
131835
111559
111678
53267
131772
111494
53412
111871
53472
131519
131936
53019
131815
53120
111509
111764
131993
53234
111638
131508
53378
131926
111603
53073
111745
53232
111572
131914
53439
53194
53146
53430
131484
53050
131647
53150
53386
52996
131597
53205
131932
111575
111653
131628
131364
53401
131875
111750
131820
111602
53366
131964
131472
131736
131790
131769
53273
53466
111718
53018
131902
53228
131609
53215
131542
111701
53054
111542
53170
53068
111743
131809
111801
131363
111886
53373
111713
53225
111799
53244
131578
53233
111869
53038
111507
111733
111686
53134
131661
131398
131395
131694
111698
111583
111627
131690
131393
111722
53240
131748
111691
131773
53030
111502
111853
131454
131685
53477
111497
111538
53203
53172
111623
131848
111858
53468
53063
131494
131957
53444
53166
111570
53217
111719
53462
131787
53004
111571
111581
131649
131714
53105
131423
53135
131778
131513
131888
131718
131652
111844
53424
111835
52931
131727
131691
111884
131665
131463
131659
131436
111489
53128
131816
131865
53379
53283
131641
111536
131779
131950
131873
53476
131668
111533
53160
131639
53519
53540
53115
131569
53304
111530
111667
131371
131470
53298
53336
131818
131427
131885
53132
53358
131706
53288
111591
111605
111508
131483
111829
111620
131768
131493
131572
53457
53022
131919
131928
131367
131439
131739
131585
53383
131900
111923
53370
53311
111659
111865
131854
131584
131381
53563
131396
53167
53293
131822
52998
53222
131523
53218
131562
53250
111576
111819
111679
111671
53532
53327
131754
131938
131539
53151
131465
53279
131723
53028
53104
53422
111584
131653
131376
53374
131503
131853
131903
53200
131390
53294
111618
131574
52918
131895
131405
53056
131770
131636
131590
53385
53180
111823
53352
131545
131735
131602
111791
53344
131583
53229
111562
53178
111710
131725
111810
53155
111546
111688
111843
111652
53301
53251
131971
111681
131834
53243
131974
131750
131630
131412
53539
111793
53080
111867
111589
53529
131540
131658
131474
111820
111621
53209
53473
53308
131893
131905
111599
53365
53448
131713
111783
111846
111586
111747
111744
111594
53351
52997
111781
53578
131426
131935
131866
111728
131697
131643
53391
53404
53188
131920
131662
111837
111811
111700
131959
131878
111516
111682
53432
53522
111774
131705
53239
53346
53101
53608
111695
131921
53100
111496
53058
111803
131617
111643
111873
111550
111888
131852
53331
131722
131969
111648
131912
53060
131994
131931
111561
53152
111552
131633
131881
53042
53249
53286
53328
111872
131802
53090
53113
53501
131940
131744
53139
131901
53332
131764
53121
131760
53560
111547
53318
131579
111726
53145
111866
53456
53480
131603
53516
131872
131512
131692
131788
131535
131361
111660
131458
131386
131425
111777
131422
53142
131696
53334
111703
53333
131708
53533
131378
53124
111596
53260
111651
111800
131634
53616
111579
53181
131745
53537
53414
111636
131404
53377
53645
111877
53481
111644
111768
111515
131428
53187
131506
53171
53369
111862
131781
131729
131847
111754
53143
111633
111738
53361
131449
111649
53077
53173
53201
111758
53394
131468
131824
111812
53034
131491
53263
111692
53091
131761
111863
131784
53541
131642
53354
131586
131433
111912
53079
131394
53316
131965
53324
131624
111697
53337
131621
132041
53224
131977
131963
53266
53368
131793
131548
131670
53097
131598
131908
53597
53109
131408
53184
111687
131517
131841
111852
131469
131372
53484
53372
53108
111883
53340
131610
131799
53455
111699
111630
131550
131627
131455
111712
132027
53117
111683
131654
111526
131883
131424
111847
131600
53413
131861
131911
53452
111708
111567
131939
131937
111761
131420
53223
131365
111491
111544
111771
53482
131918
53345
53382
131917
131871
131823
111779
131763
111845
111773
53493
111825
53258
131740
111500
132048
111859
53052
131526
111556
53040
53175
131640
131456
53048
131716
53114
131867
111656
131437
53087
131625
131831
111798
131599
131638
131962
111483
111487
111587
111734
111553
53426
131505
111614
131813
53530
53297
131388
53417
53149
53317
131956
132040
53072
111889
131611
131876
111479
131717
111640
131499
131837
53138
131857
53454
53306
111899
111662
53275
131413
131568
53683
111841
111786
111752
111767
53116
53241
53026
131373
131377
53295
111789
131655
111724
131877
53219
111676
53576
111849
111624
131538
111598
53502
53322
53544
111879
53127
53450
53353
53078
131774
131382
111854
111824
53193
53483
53487
53195
111802
53400
131400
131910
111535
53159
53503
131554
111655
131430
131559
131486
111525
53126
53449
131726
53489
53269
131743
53262
111634
53376
131358
111861
53069
131667
53000
131894
53681
131576
131858
53071
53387
111913
131882
53392
53415
131798
131884
53161
131777
111490
111565
131719
131776
53411
131730
111741
131496
111669
111705
131504
53513
53538
131967
53199
131527
111675
131958
53408
111735
131450
132004
131629
131671
131626
131803
53464
53083
131623
111840
111499
53654
111792
131946
111563
131616
131812
111778
111807
53247
131689
111641
131979
131384
111874
53543
53255
53140
53300
131556
53357
131438
111612
53296
53093
53486
53270
131588
53309
131660
132017
131804
131829
53148
131375
131391
131800
53443
53112
131515
53086
131529
131359
131592
111864
131631
111769
131693
111534
131421
131807
131864
53397
53036
53157
53213
53384
53164
111900
53310
131543
131547
111696
131521
131860
53623
53238
131415
53496
131684
131406
53095
111709
53475
131771
111580
131464
53182
53141
111585
131677
111893
53446
131810
53133
53587
131409
53177
53355
131863
111848
131954
53281
53551
131501
131476
131618
131849
131843
53371
53381
131675
53398
111707
131792
111520
111748
131949
131945
53162
111776
53562
53029
131789
131635
53237
53363
111658
53512
111730
53206
131466
111830
131580
131762
131366
131403
131646
131944
53046
111880
131952
53399
53510
131444
111674
131442
111717
131731
53035
111548
53329
53245
111826
131419
111512
111727
53302
131742
111635
131489
111821
111772
131482
131814
53096
53280
111775
53342
131387
111646
111488
131948
111590
111794
53084
111568
53179
132037
132019
131441
53305
53535
131862
131683
111838
131922
53103
131567
131429
53216
53176
131457
53393
131765
53259
131663
131906
131907
53319
111606
53437
53360
53037
111680
131978
53062
53347
131933
111785
131973
131605
111842
53023
53271
131869
111834
131490
131842
53536
111545
131531
53158
53197
53131
53423
53303
131417
52977
131445
53051
131478
53070
53053
111539
111549
53287
131698
131407
53092
53552
53343
131712
111631
53214
111787
53606
111814
111765
131544
132028
131899
131838
131913
111714
131518
53253
131747
53315
111650
131707
131850
131522
111870
53088
53122
132042
53534
131775
53531
111860
53388
111878
111666
131615
131868
53556
111693
131929
131915
53335
131751
53144
111573
131495
53312
131892
53089
111720
111501
111796
53284
111647
111725
53469
53622
131459
131975
53445
131981
111524
111554
131817
111558
131701
53389
53428
131704
131537
111788
131666
131711
131520
53359
53402
111540
53459
53497
131561
Window 8
53390
131637
131709
53427
53435
111790
111672
53549
131498
132034
53282
131593
131724
111706
131887
111920
111881
111797
131557
53129
131715
131673
111903
131608
131524
131570
53438
53212
131700
111739
131385
131806
111742
131767
111601
53174
111528
53190
111806
111513
111755
53517
131448
131510
111645
131532
131786
53504
53593
53463
53207
111751
111582
111808
132013
111609
111762
131479
132009
53186
131927
53602
111898
53107
53313
131808
131596
53451
131414
53436
53348
131401
131904
131766
53265
111836
53367
131546
53123
111694
111896
131453
131679
53601
131797
131379
131488
131897
131369
111684
131555
53433
131695
53272
53416
131968
53163
131604
53407
111519
131990
111642
131480
53545
53339
53210
132008
53041
131451
53511
131620
131564
53246
53252
131676
131934
111753
131795
53274
53299
131703
111891
131672
53518
111510
111668
53261
111495
53314
131558
111604
131399
111588
111637
131721
131780
111885
131461
131746
131514
53198
111804
111892
111615
111629
111737
53154
53405
53458
131828
111654
53584
131674
53094
111492
131805
111915
53380
131982
131581
53254
111817
131473
111729
131612
111595
53574
111607
111760
111839
111663
111902
131664
131941
111555
131606
131783
111574
131648
131587
53211
53202
131741
53231
111704
131650
53440
131447
131855
53453
53396
131368
111895
53256
111514
53024
111673
131874
53242
131410
131416
52945
131613
53290
111551
111506
111822
111597
111702
53074
111664
131972
53410
111716
111617
131702
53204
53049
111517
53130
111505
53125
53278
111566
111622
131551
131759
131951
131475
131462
53118
53509
131440
131530
111746
131680
111521
111493
111887
111782
53032
131737
111578
111504
111610
111639
111876
131500
111518
53307
111480
53027
53016
131354
131756
53064
131896
131886
111795
111522
111882
53546
131710
111759
53395
131880
111815
131851
131686
131916
111715
131728
53020
53356
131370
111613
111905
111537
131471
131923
53099
131411
131947
131733
111657
131492
53326
131360
111832
53076
111809
131607
53081
111828
111816
131552
53235
111833
131383
53364
111851
131758
131801
131827
131826
53285
111531
53403
131656
131657
131511
131601
111784
131446
131955
131845
131782
132018
111818
131844
53192
131687
53350
131549
111907
131467
131477
53429
131591
53375
111577
131953
111731
131757
131794
131925
111532
131970
53165
111616
111600
131889
53474
111611
111740
131595
131380
131821
53292
111711
53362
53479
111749
131536
53102
132033
111625
131846
131678
111690
131460
53406
111897
131509
131836
131560
131525
53325
131681
111813
111685
53291
111916
53220
111827
53208
131909
111890
53460
131589
131565
53500
53441
131753
53044
53431
131699
131720
111723
131830
131898
53098
131452
111857
53227
53075
53168
131497
131833
111665
53137
131752
111661
131528
53447
111850
53485
53248
131960
131669
131575
131734
131614
53467
111689
111560
131402
131791
53169
131688
131651
111619
131870
111766
53478
111523
131397
131811
131632
111805
53119
53330
53066
53057
53106
53110
131516
111529
111498
131362
131507
53012
53236
111894
111670
111736
131832
53320
53065
53221
53189
53264
131879
111527
53268
131487
111608
131924
131485
131431
131418
131577
131434
53156
111503
131856
131961
111486
131541
131819
131435
53277
131930
53349
53047
53055
53196
111564
111543
111757
111593
111831
131534
111855
131619
53470
111511
131840
52932
131738
53061
131943
111632
131571
53183
53289
53471
111856
131942
131533
131356
53226
131374
131594
131891
111875
111756
111763
131644
53276
131682
52999
131582
131502
53514
131825
53499
131749
53230
53498
111541
131392
53527
111868
131553
131432
131481
131645
111557
131976
131622
111592
53014
131890
111677
131566
131755
53191
131839
111732
111770
131732
53031
53338
131785
131563
53257
111721
131443
111628
53323
132007
53136
131796
131859
53321
131573
53153
111780
111626
131389
111569
131835
111559
111678
53267
131772
111494
53412
111871
53472
131519
131936
53019
131815
53120
111509
111764
131993
53234
111638
131508
53378
131926
111603
53073
111745
53232
111572
131914
53439
53194
53146
53430
131484
53050
131647
53150
53386
52996
131597
53205
131932
111575
111653
131628
131364
53401
131875
111750
131820
111602
53366
131964
131472
131736
131790
131769
53273
53466
111718
53018
131902
53228
131609
53215
131542
111701
53054
111542
53170
53068
111743
131809
111801
131363
111886
53373
111713
53225
111799
53244
131578
53233
111869
53038
111507
111733
111686
53134
131661
131398
131395
131694
111698
111583
111627
131690
131393
111722
53240
131748
111691
131773
53030
111502
111853
131454
131685
53477
111497
111538
53203
53172
111623
131848
111858
53468
53063
131494
131957
53444
53166
111570
53217
111719
53462
131787
53004
111571
111581
131649
131714
53105
131423
53135
131778
131513
131888
131718
131652
111844
53424
111835
52931
131727
131691
111884
131665
131463
131659
131436
111489
53128
131816
131865
53379
53283
131641
111536
131779
131950
131873
53476
131668
111533
53160
131639
53519
53540
53115
131569
53304
111530
111667
131371
131470
53298
53336
131818
131427
131885
53132
53358
131706
53288
111591
111605
111508
131483
111829
111620
131768
131493
131572
53457
53022
131919
131928
131367
131439
131739
131585
53383
131900
111923
53370
53311
111659
111865
131854
131584
131381
53563
131396
53167
53293
131822
52998
53222
131523
53218
131562
53250
111576
111819
111679
111671
53532
53327
131754
131938
131539
53151
131465
53279
131723
53028
53104
53422
111584
131653
131376
53374
131503
131853
131903
53200
131390
53294
111618
131574
52918
131895
131405
53056
131770
131636
131590
53385
53180
111823
53352
131545
131735
131602
111791
53344
131583
53229
111562
53178
111710
131725
111810
53155
111546
111688
111843
111652
53301
53251
131971
111681
131834
53243
131974
131750
131630
131412
53539
111793
53080
111867
111589
53529
131540
131658
131474
111820
111621
53209
53473
53308
131893
131905
111599
53365
53448
131713
111783
111846
111586
111747
111744
111594
53351
52997
111781
53578
131426
131935
131866
111728
131697
131643
53391
53404
53188
131920
131662
111837
111811
111700
131959
131878
111516
111682
53432
53522
111774
131705
53239
53346
53101
53608
111695
131921
53100
111496
53058
111803
131617
111643
111873
111550
111888
131852
53331
131722
131969
111648
131912
53060
131994
131931
111561
53152
111552
131633
131881
53042
53249
53286
53328
111872
131802
53090
53113
53501
131940
131744
53139
131901
53332
131764
53121
131760
53560
111547
53318
131579
111726
53145
111866
53456
53480
131603
53516
131872
131512
131692
131788
131535
131361
111660
131458
131386
131425
111777
131422
53142
131696
53334
111703
53333
131708
53533
131378
53124
111596
53260
111651
111800
131634
53616
111579
53181
131745
53537
53414
111636
131404
53377
53645
111877
53481
111644
111768
111515
131428
53187
131506
53171
53369
111862
131781
131729
131847
111754
53143
111633
111738
53361
131449
111649
53077
53173
53201
111758
53394
131468
131824
111812
53034
131491
53263
111692
53091
131761
111863
131784
53541
131642
53354
131586
131433
111912
53079
131394
53316
131965
53324
131624
111697
53337
131621
132041
53224
131977
131963
53266
53368
131793
131548
131670
53097
131598
131908
53597
53109
131408
53184
111687
131517
131841
111852
131469
131372
53484
53372
53108
111883
53340
131610
131799
53455
111699
111630
131550
131627
131455
111712
132027
53117
111683
131654
111526
131883
131424
111847
131600
53413
131861
131911
53452
111708
111567
131939
131937
111761
131420
53223
131365
111491
111544
111771
53482
131918
53345
53382
131917
131871
131823
111779
131763
111845
111773
53493
111825
53258
131740
111500
132048
111859
53052
131526
111556
53040
53175
131640
131456
53048
131716
53114
131867
111656
131437
53087
131625
131831
111798
131599
131638
131962
111483
111487
111587
111734
111553
53426
131505
111614
131813
53530
53297
131388
53417
53149
53317
131956
132040
53072
111889
131611
131876
111479
131717
111640
131499
131837
53138
131857
53454
53306
111899
111662
53275
131413
131568
53683
111841
111786
111752
111767
53116
53241
53026
131373
131377
53295
111789
131655
111724
131877
53219
111676
53576
111849
111624
131538
111598
53502
53322
53544
111879
53127
53450
53353
53078
131774
131382
111854
111824
53193
53483
53487
53195
111802
53400
131400
131910
111535
53159
53503
131554
111655
131430
131559
131486
111525
53126
53449
131726
53489
53269
131743
53262
111634
53376
131358
111861
53069
131667
53000
131894
53681
131576
131858
53071
53387
111913
131882
53392
53415
131798
131884
53161
131777
111490
111565
131719
131776
53411
131730
111741
131496
111669
111705
131504
53513
53538
131967
53199
131527
111675
131958
53408
111735
131450
132004
131629
131671
131626
131803
53464
53083
131623
111840
111499
53654
111792
131946
111563
131616
131812
111778
111807
53247
131689
111641
131979
131384
111874
53543
53255
53140
53300
131556
53357
131438
111612
53296
53093
53486
53270
131588
53309
131660
132017
131804
131829
53148
131375
131391
131800
53443
53112
131515
53086
131529
131359
131592
111864
131631
111769
131693
111534
131421
131807
131864
53397
53036
53157
53213
53384
53164
111900
53310
131543
131547
111696
131521
131860
53623
53238
131415
53496
131684
131406
53095
111709
53475
131771
111580
131464
53182
53141
111585
131677
111893
53446
131810
53133
53587
131409
53177
53355
131863
111848
131954
53281
53551
131501
131476
131618
131849
131843
53371
53381
131675
53398
111707
131792
111520
111748
131949
131945
53162
111776
53562
53029
131789
131635
53237
53363
111658
53512
111730
53206
131466
111830
131580
131762
131366
131403
131646
131944
53046
111880
131952
53399
53510
131444
111674
131442
111717
131731
53035
111548
53329
53245
111826
131419
111512
111727
53302
131742
111635
131489
111821
111772
131482
131814
53096
53280
111775
53342
131387
111646
111488
131948
111590
111794
53084
111568
53179
132037
132019
131441
53305
53535
131862
131683
111838
131922
53103
131567
131429
53216
53176
131457
53393
131765
53259
131663
131906
131907
53319
111606
53437
53360
53037
111680
131978
53062
53347
131933
111785
131973
131605
111842
53023
53271
131869
111834
131490
131842
53536
111545
131531
53158
53197
53131
53423
53303
131417
52977
131445
53051
131478
53070
53053
111539
111549
53287
131698
131407
53092
53552
53343
131712
111631
53214
111787
53606
111814
111765
131544
132028
131899
131838
131913
111714
131518
53253
131747
53315
111650
131707
131850
131522
111870
53088
53122
132042
53534
131775
53531
111860
53388
111878
111666
131615
131868
53556
111693
131929
131915
53335
131751
53144
111573
131495
53312
131892
53089
111720
111501
111796
53284
111647
111725
53469
53622
131459
131975
53445
131981
111524
111554
131817
111558
131701
53389
53428
131704
131537
111788
131666
131711
131520
53359
53402
111540
53459
53497
131561
Window 9
53390
131637
131709
53427
53435
111790
111672
53549
131498
132034
53282
131593
131724
111706
131887
111920
111881
111797
131557
53129
131715
131673
111903
131608
131524
131570
53438
53212
131700
111739
131385
131806
111742
131767
111601
53174
111528
53190
111806
111513
111755
53517
131448
131510
111645
131532
131786
53504
53593
53463
53207
111751
111582
111808
132013
111609
111762
131479
132009
53186
131927
53602
111898
53107
53313
131808
131596
53451
131414
53436
53348
131401
131904
131766
53265
111836
53367
131546
53123
111694
111896
131453
131679
53601
131797
131379
131488
131897
131369
111684
131555
53433
131695
53272
53416
131968
53163
131604
53407
111519
131990
111642
131480
53545
53339
53210
132008
53041
131451
53511
131620
131564
53246
53252
131676
131934
111753
131795
53274
53299
131703
111891
131672
53518
111510
111668
53261
111495
53314
131558
111604
131399
111588
111637
131721
131780
111885
131461
131746
131514
53198
111804
111892
111615
111629
111737
53154
53405
53458
131828
111654
53584
131674
53094
111492
131805
111915
53380
131982
131581
53254
111817
131473
111729
131612
111595
53574
111607
111760
111839
111663
111902
131664
131941
111555
131606
131783
111574
131648
131587
53211
53202
131741
53231
111704
131650
53440
131447
131855
53453
53396
131368
111895
53256
111514
53024
111673
131874
53242
131410
131416
52945
131613
53290
111551
111506
111822
111597
111702
53074
111664
131972
53410
111716
111617
131702
53204
53049
111517
53130
111505
53125
53278
111566
111622
131551
131759
131951
131475
131462
53118
53509
131440
131530
111746
131680
111521
111493
111887
111782
53032
131737
111578
111504
111610
111639
111876
131500
111518
53307
111480
53027
53016
131354
131756
53064
131896
131886
111795
111522
111882
53546
131710
111759
53395
131880
111815
131851
131686
131916
111715
131728
53020
53356
131370
111613
111905
111537
131471
131923
53099
131411
131947
131733
111657
131492
53326
131360
111832
53076
111809
131607
53081
111828
111816
131552
53235
111833
131383
53364
111851
131758
131801
131827
131826
53285
111531
53403
131656
131657
131511
131601
111784
131446
131955
131845
131782
132018
111818
131844
53192
131687
53350
131549
111907
131467
131477
53429
131591
53375
111577
131953
111731
131757
131794
131925
111532
131970
53165
111616
111600
131889
53474
111611
111740
131595
131380
131821
53292
111711
53362
53479
111749
131536
53102
132033
111625
131846
131678
111690
131460
53406
111897
131509
131836
131560
131525
53325
131681
111813
111685
53291
111916
53220
111827
53208
131909
111890
53460
131589
131565
53500
53441
131753
53044
53431
131699
131720
111723
131830
131898
53098
131452
111857
53227
53075
53168
131497
131833
111665
53137
131752
111661
131528
53447
111850
53485
53248
131960
131669
131575
131734
131614
53467
111689
111560
131402
131791
53169
131688
131651
111619
131870
111766
53478
111523
131397
131811
131632
111805
53119
53330
53066
53057
53106
53110
131516
111529
111498
131362
131507
53012
53236
111894
111670
111736
131832
53320
53065
53221
53189
53264
131879
111527
53268
131487
111608
131924
131485
131431
131418
131577
131434
53156
111503
131856
131961
111486
131541
131819
131435
53277
131930
53349
53047
53055
53196
111564
111543
111757
111593
111831
131534
111855
131619
53470
111511
131840
52932
131738
53061
131943
111632
131571
53183
53289
53471
111856
131942
131533
131356
53226
131374
131594
131891
111875
111756
111763
131644
53276
131682
52999
131582
131502
53514
131825
53499
131749
53230
53498
111541
131392
53527
111868
131553
131432
131481
131645
111557
131976
131622
111592
53014
131890
111677
131566
131755
53191
131839
111732
111770
131732
53031
53338
131785
131563
53257
111721
131443
111628
53323
132007
53136
131796
131859
53321
131573
53153
111780
111626
131389
111569
131835
111559
111678
53267
131772
111494
53412
111871
53472
131519
131936
53019
131815
53120
111509
111764
131993
53234
111638
131508
53378
131926
111603
53073
111745
53232
111572
131914
53439
53194
53146
53430
131484
53050
131647
53150
53386
52996
131597
53205
131932
111575
111653
131628
131364
53401
131875
111750
131820
111602
53366
131964
131472
131736
131790
131769
53273
53466
111718
53018
131902
53228
131609
53215
131542
111701
53054
111542
53170
53068
111743
131809
111801
131363
111886
53373
111713
53225
111799
53244
131578
53233
111869
53038
111507
111733
111686
53134
131661
131398
131395
131694
111698
111583
111627
131690
131393
111722
53240
131748
111691
131773
53030
111502
111853
131454
131685
53477
111497
111538
53203
53172
111623
131848
111858
53468
53063
131494
131957
53444
53166
111570
53217
111719
53462
131787
53004
111571
111581
131649
131714
53105
131423
53135
131778
131513
131888
131718
131652
111844
53424
111835
52931
131727
131691
111884
131665
131463
131659
131436
111489
53128
131816
131865
53379
53283
131641
111536
131779
131950
131873
53476
131668
111533
53160
131639
53519
53540
53115
131569
53304
111530
111667
131371
131470
53298
53336
131818
131427
131885
53132
53358
131706
53288
111591
111605
111508
131483
111829
111620
131768
131493
131572
53457
53022
131919
131928
131367
131439
131739
131585
53383
131900
111923
53370
53311
111659
111865
131854
131584
131381
53563
131396
53167
53293
131822
52998
53222
131523
53218
131562
53250
111576
111819
111679
111671
53532
53327
131754
131938
131539
53151
131465
53279
131723
53028
53104
53422
111584
131653
131376
53374
131503
131853
131903
53200
131390
53294
111618
131574
52918
131895
131405
53056
131770
131636
131590
53385
53180
111823
53352
131545
131735
131602
111791
53344
131583
53229
111562
53178
111710
131725
111810
53155
111546
111688
111843
111652
53301
53251
131971
111681
131834
53243
131974
131750
131630
131412
53539
111793
53080
111867
111589
53529
131540
131658
131474
111820
111621
53209
53473
53308
131893
131905
111599
53365
53448
131713
111783
111846
111586
111747
111744
111594
53351
52997
111781
53578
131426
131935
131866
111728
131697
131643
53391
53404
53188
131920
131662
111837
111811
111700
131959
131878
111516
111682
53432
53522
111774
131705
53239
53346
53101
53608
111695
131921
53100
111496
53058
111803
131617
111643
111873
111550
111888
131852
53331
131722
131969
111648
131912
53060
131994
131931
111561
53152
111552
131633
131881
53042
53249
53286
53328
111872
131802
53090
53113
53501
131940
131744
53139
131901
53332
131764
53121
131760
53560
111547
53318
131579
111726
53145
111866
53456
53480
131603
53516
131872
131512
131692
131788
131535
131361
111660
131458
131386
131425
111777
131422
53142
131696
53334
111703
53333
131708
53533
131378
53124
111596
53260
111651
111800
131634
53616
111579
53181
131745
53537
53414
111636
131404
53377
53645
111877
53481
111644
111768
111515
131428
53187
131506
53171
53369
111862
131781
131729
131847
111754
53143
111633
111738
53361
131449
111649
53077
53173
53201
111758
53394
131468
131824
111812
53034
131491
53263
111692
53091
131761
111863
131784
53541
131642
53354
131586
131433
111912
53079
131394
53316
131965
53324
131624
111697
53337
131621
132041
53224
131977
131963
53266
53368
131793
131548
131670
53097
131598
131908
53597
53109
131408
53184
111687
131517
131841
111852
131469
131372
53484
53372
53108
111883
53340
131610
131799
53455
111699
111630
131550
131627
131455
111712
132027
53117
111683
131654
111526
131883
131424
111847
131600
53413
131861
131911
53452
111708
111567
131939
131937
111761
131420
53223
131365
111491
111544
111771
53482
131918
53345
53382
131917
131871
131823
111779
131763
111845
111773
53493
111825
53258
131740
111500
132048
111859
53052
131526
111556
53040
53175
131640
131456
53048
131716
53114
131867
111656
131437
53087
131625
131831
111798
131599
131638
131962
111483
111487
111587
111734
111553
53426
131505
111614
131813
53530
53297
131388
53417
53149
53317
131956
132040
53072
111889
131611
131876
111479
131717
111640
131499
131837
53138
131857
53454
53306
111899
111662
53275
131413
131568
53683
111841
111786
111752
111767
53116
53241
53026
131373
131377
53295
111789
131655
111724
131877
53219
111676
53576
111849
111624
131538
111598
53502
53322
53544
111879
53127
53450
53353
53078
131774
131382
111854
111824
53193
53483
53487
53195
111802
53400
131400
131910
111535
53159
53503
131554
111655
131430
131559
131486
111525
53126
53449
131726
53489
53269
131743
53262
111634
53376
131358
111861
53069
131667
53000
131894
53681
131576
131858
53071
53387
111913
131882
53392
53415
131798
131884
53161
131777
111490
111565
131719
131776
53411
131730
111741
131496
111669
111705
131504
53513
53538
131967
53199
131527
111675
131958
53408
111735
131450
132004
131629
131671
131626
131803
53464
53083
131623
111840
111499
53654
111792
131946
111563
131616
131812
111778
111807
53247
131689
111641
131979
131384
111874
53543
53255
53140
53300
131556
53357
131438
111612
53296
53093
53486
53270
131588
53309
131660
132017
131804
131829
53148
131375
131391
131800
53443
53112
131515
53086
131529
131359
131592
111864
131631
111769
131693
111534
131421
131807
131864
53397
53036
53157
53213
53384
53164
111900
53310
131543
131547
111696
131521
131860
53623
53238
131415
53496
131684
131406
53095
111709
53475
131771
111580
131464
53182
53141
111585
131677
111893
53446
131810
53133
53587
131409
53177
53355
131863
111848
131954
53281
53551
131501
131476
131618
131849
131843
53371
53381
131675
53398
111707
131792
111520
111748
131949
131945
53162
111776
53562
53029
131789
131635
53237
53363
111658
53512
111730
53206
131466
111830
131580
131762
131366
131403
131646
131944
53046
111880
131952
53399
53510
131444
111674
131442
111717
131731
53035
111548
53329
53245
111826
131419
111512
111727
53302
131742
111635
131489
111821
111772
131482
131814
53096
53280
111775
53342
131387
111646
111488
131948
111590
111794
53084
111568
53179
132037
132019
131441
53305
53535
131862
131683
111838
131922
53103
131567
131429
53216
53176
131457
53393
131765
53259
131663
131906
131907
53319
111606
53437
53360
53037
111680
131978
53062
53347
131933
111785
131973
131605
111842
53023
53271
131869
111834
131490
131842
53536
111545
131531
53158
53197
53131
53423
53303
131417
52977
131445
53051
131478
53070
53053
111539
111549
53287
131698
131407
53092
53552
53343
131712
111631
53214
111787
53606
111814
111765
131544
132028
131899
131838
131913
111714
131518
53253
131747
53315
111650
131707
131850
131522
111870
53088
53122
132042
53534
131775
53531
111860
53388
111878
111666
131615
131868
53556
111693
131929
131915
53335
131751
53144
111573
131495
53312
131892
53089
111720
111501
111796
53284
111647
111725
53469
53622
131459
131975
53445
131981
111524
111554
131817
111558
131701
53389
53428
131704
131537
111788
131666
131711
131520
53359
53402
111540
53459
53497
131561
