Window 0
6055
724
6276
1431
5629
1731
6067
433
5910
1868
3446
833
280
5436
6051
3412
539
5924
6073
832
1999
2588
6060
6274
5720
1683
5721
6048
2879
6066
852
1732
5569
6046
7434
6040
6269
7435
1971
6058
1832
5437
6045
6272
5563
1532
6063
6068
5558
6041
6620
1867
3836
5507
3008
3414
2000
6074
1405
3415
6047
9264
3711
7436
2020
3411
4023
6037
723
6071
6036
6277
396
2575
3410
4022
6050
6069
6266
5909
3712
249
5143
3303
5724
6064
6273
3995
1430
2589
3447
4593
1833
3304
3279
5725
6043
3119
6075
6042
2880
6062
1714
3278
544
6056
2610
6061
7442
6044
6053
1682
3600
3017
6049
869
2306
542
6267
6039
3409
6057
3599
2307
6268
1974
5559
538
1531
6052
3433
434
5474
395
1713
3996
6072
543
1973
5567
1831
5564
851
5475
7921
9263
6065
868
1406
3007
6275
2587
5142
6038
6054
5568
6070
250
3835
4591
4592
2576
3416
3018
281
6059
1972
5557
3120
Window 1
6055
724
6276
1431
5629
1731
6067
5910
1868
3446
833
5436
6051
3412
539
5924
6073
832
1999
2588
6060
6274
5720
1683
5721
6048
2879
6066
852
1732
5569
6046
7434
6040
6269
7435
1971
6058
1832
5437
6045
6272
5563
1532
6063
6068
5558
6041
6620
1867
3836
5507
3008
3414
2000
6074
1405
3415
6047
9264
3711
7436
2020
3411
4023
6037
723
6071
6036
6277
2575
3410
4022
6050
6069
6266
5909
3712
5143
3303
5724
6064
6273
3995
1430
2589
3447
4593
1833
3304
3279
5725
6043
3119
6075
6042
2880
6062
1714
3278
544
6056
2610
6061
7442
6044
6053
1682
3600
3017
6049
869
2306
542
6267
6039
3409
6057
3599
2307
6268
1974
5559
538
1531
6052
3433
5474
1713
3996
6072
543
1973
5567
1831
5564
851
5475
7921
9263
6065
868
1406
3007
6275
2587
5142
6038
6054
5568
6070
3835
4591
4592
2576
3416
3018
6059
1972
5557
3120
Window 2
6055
10506
10778
10827
6276
1431
5629
1731
6067
5910
1868
3446
5436
6051
3412
5924
6073
1999
2588
6060
6274
5720
10835
1683
5721
6048
2879
6066
10829
1732
5569
6046
7434
6040
6269
7435
10828
1971
6058
1832
5437
6045
6272
5563
1532
6063
6068
5558
6041
6620
1867
3836
5507
3008
3414
2000
10832
6074
1405
3415
6047
9264
3711
7436
2020
3411
4023
6037
6071
6036
6277
10833
2575
3410
4022
6050
6069
6266
5909
3712
5143
10830
3303
5724
10777
6064
6273
3995
1430
2589
3447
4593
10834
1833
3304
3279
5725
6043
3119
6075
6042
2880
6062
1714
3278
6056
2610
6061
7442
6044
6053
1682
3600
3017
6049
2306
6267
6039
3409
6057
3599
2307
6268
1974
5559
1531
6052
3433
10505
5474
1713
3996
6072
1973
10831
10836
5567
1831
5564
5475
7921
9263
6065
1406
3007
6275
2587
5142
6038
6054
5568
6070
3835
4591
4592
2576
3416
3018
6059
1972
5557
3120
Window 3
6055
10506
10778
10827
6276
5629
1731
6067
5910
1868
3446
5436
6051
3412
5924
6073
1999
2588
6060
6274
5720
10835
1683
5721
6048
2879
6066
10829
1732
5569
6046
7434
6040
6269
7435
10828
1971
6058
1832
5437
6045
6272
5563
1532
6063
6068
5558
6041
6620
1867
3836
5507
3008
3414
2000
10832
6074
3415
6047
9264
3711
7436
2020
3411
4023
6037
6071
6036
6277
10833
2575
3410
4022
6050
6069
6266
5909
3712
5143
10830
3303
5724
10777
6064
6273
3995
2589
3447
4593
10834
1833
3304
3279
5725
6043
3119
6075
6042
2880
6062
1714
3278
6056
2610
6061
7442
6044
6053
1682
3600
3017
6049
2306
6267
6039
3409
6057
3599
2307
6268
1974
5559
1531
6052
3433
10505
5474
1713
3996
6072
1973
10831
10836
5567
1831
5564
5475
7921
9263
6065
3007
6275
2587
5142
6038
6054
5568
6070
3835
4591
4592
2576
3416
3018
6059
1972
5557
3120
Window 4
6055
10506
10778
10827
6276
5629
11726
6067
11728
5910
3446
5436
6051
3412
5924
6073
2588
6060
6274
11938
11705
5720
10835
5721
6048
11937
2879
6066
10829
5569
6046
7434
11701
6040
11718
6269
7435
10828
6058
5437
6045
6272
5563
6063
6068
5558
6041
6620
11706
3836
5507
3008
11704
3414
2000
10832
6074
11983
3415
6047
9264
3711
7436
2020
3411
4023
6037
6071
6036
6277
10833
2575
3410
4022
6050
11716
6069
6266
5909
3712
5143
10830
3303
11703
11830
5724
10777
6064
6273
11698
3995
2589
3447
4593
10834
3304
3279
5725
6043
3119
6075
6042
2880
6062
3278
11955
6056
2610
6061
7442
6044
11724
6053
11725
3600
3017
6049
2306
6267
6039
3409
6057
3599
2307
6268
5559
6052
3433
10505
11982
5474
3996
6072
10831
10836
5567
5564
5475
7921
9263
6065
11702
11719
3007
6275
2587
5142
6038
6054
5568
11727
11717
6070
3835
4591
4592
2576
3416
3018
11829
6059
5557
3120
