Window 0
21628
10508
22319
72223
9710
77810
86735
74334
71677
28480
93801
66114
960
5977
69585
23452
12321
47586
35378
71197
77237
57804
46711
17458
50879
43982
79575
90201
84014
92010
77969
91432
31362
82207
74913
30181
36573
81371
49063
10899
42717
89633
74574
51946
70164
30029
11762
98808
8738
92852
51433
72715
35577
89380
91138
4957
8191
59424
49713
81440
68522
72382
56090
7086
59685
85899
72505
21670
26884
55304
69145
69605
74593
43555
6866
65816
36061
65803
4299
77695
24600
51893
83894
24214
51521
25853
53618
28577
58762
94493
98057
33014
42917
68117
40723
83377
58948
32440
67409
83053
93486
21713
56038
88083
40065
8833
47653
76903
63751
90372
757
82554
43134
57815
63657
5695
26836
13971
51422
77504
41061
17843
75467
62713
48565
97667
49434
9808
29370
30598
14162
5451
98024
96557
81008
60215
16258
40790
54739
57166
43822
84328
78653
1038
59622
43230
51463
41968
44199
79217
99796
16349
58648
35344
41239
69175
78475
12924
21747
48624
89801
58827
93173
54701
20551
13396
2112
69157
54155
82177
16707
26415
66444
831
97346
72895
4318
13460
27940
39181
1071
86747
91131
23429
6567
11712
6348
14610
3709
20335
28757
66491
11933
76523
75853
26347
53386
58194
11660
18791
1648
35401
56239
7683
66228
3289
35733
71547
20610
58894
16910
38667
26448
32995
45591
13914
26600
54088
72583
18817
75757
7493
69850
3844
83733
16320
4825
89189
32872
73730
82006
35043
42240
17833
79461
72941
79369
11400
48773
40152
2101
1307
5543
63142
55848
3679
46962
46134
51145
30313
54686
59004
91669
72182
12997
98646
62450
98157
86450
51663
68692
20828
88981
40735
64840
16378
53626
23583
51393
43415
27372
69561
91402
82433
63070
19336
53951
27144
73405
76218
85237
53346
60869
22984
37152
27158
38017
7111
97743
22967
58977
72308
43264
83716
77777
31127
20969
53296
79630
2209
64545
63547
28515
2827
65851
51416
87807
21888
21980
90566
94911
20091
1534
52752
23831
63885
97871
26188
84459
57887
76811
64688
30074
23203
83195
94503
41644
51701
63352
55768
47990
37324
71606
50858
74278
88049
39892
83006
49700
89495
14152
49955
22638
95902
96183
3665
22180
91276
79386
5792
94096
30526
27582
89096
84477
83330
77075
45914
97169
17440
23715
34439
1570
42937
74859
23226
45006
19672
47405
54027
47599
6770
56792
54674
64373
61723
26580
17451
2230
53912
19217
69224
28354
81365
39279
98325
27780
49457
69958
47501
66686
55756
42327
31235
18622
59452
6297
22061
37547
37131
454
35998
8325
20284
48843
79977
58617
94238
67179
68041
82756
93121
63526
69812
40904
96615
96599
56005
52182
21371
83061
50860
55982
50283
95149
86053
86212
60373
34357
36149
56248
78076
21068
23161
10195
43393
53969
76010
59519
13144
18337
59263
36080
36401
35171
76848
69823
34292
59451
25508
28454
70047
58670
5223
16251
47957
88886
20705
72523
69912
50911
17611
14242
9045
8130
75952
26718
2203
40628
7588
12591
11837
52344
38282
63997
58012
28989
91780
82883
31922
52265
4626
16997
17661
28605
67657
87130
14694
8006
91027
98428
78326
81552
78069
16751
10115
22682
49824
50317
39952
71871
2804
13189
33253
25706
60509
98721
27177
31783
95859
44339
62038
17215
77219
26679
77649
3953
76746
21354
94589
11200
74072
24236
42946
81545
62944
22358
63591
10169
27900
81524
41646
7707
17646
81104
37250
54075
98827
35233
72022
69197
94188
10759
80722
62449
3164
3486
839
75402
10713
22737
55199
32832
46327
33281
63293
16074
59393
51205
98568
55351
32812
13358
95582
77142
42149
4968
10075
54373
60601
63177
45079
49711
47141
2103
37005
1938
68949
20617
54990
4198
60689
28307
19249
57540
49112
47123
48275
3801
44881
99458
21094
66170
49387
85354
51939
46700
81697
20685
70642
7038
23928
93617
34235
1876
75273
67570
84532
64667
26489
6000
1241
73817
45454
11252
24419
26361
61446
2061
58925
47206
86055
5729
4289
79040
15179
43298
25208
5597
88684
49596
60910
6322
27562
19146
29278
25683
90047
83798
42159
57138
63984
4692
71867
78825
18207
1492
24400
89103
59503
51387
797
55327
58773
6533
83653
16620
94783
28782
36757
88214
44391
27021
79194
88109
33162
22588
70025
34177
62723
70788
45362
16039
6018
2400
58056
66471
48975
35470
31833
88448
67231
74310
68025
10517
22916
37134
51825
3843
88545
7930
10607
73622
87171
983
1365
76766
66131
88408
54510
50244
19265
33526
17277
76154
86491
288
28359
21291
98565
83806
23663
49086
46155
1924
56405
52083
66582
64307
24056
10343
29147
47687
51905
45433
47778
52320
5099
54064
41871
12063
63907
92456
45227
37168
12567
36695
8813
13770
11464
88002
53462
45077
79149
79963
96371
13184
12136
3908
78135
30112
80196
9796
35921
7671
13505
60670
83399
49980
45492
76673
32968
80439
37072
38283
56720
25367
76
67846
70680
28332
56504
86842
95814
32461
49074
3634
6366
25699
32930
31880
54958
2871
5085
22814
89503
88405
46193
39313
18155
47834
80387
71327
68672
56846
87427
62467
31533
61561
86759
37404
99828
9089
13078
Window 1
21628
10508
22319
104159
72223
9710
77810
86735
74334
71677
28480
93801
66114
5977
69585
23452
103987
12321
47586
35378
71197
77237
100331
57804
46711
17458
50879
43982
79575
100163
90201
84014
92010
77969
91432
31362
82207
74913
30181
36573
81371
49063
10899
42717
89633
74574
51946
70164
30029
11762
98808
8738
101849
92852
103940
51433
72715
35577
89380
91138
8191
102562
59424
49713
81440
68522
72382
56090
7086
59685
85899
72505
21670
26884
55304
69145
69605
74593
43555
65816
36061
65803
77695
24600
51893
83894
24214
51521
25853
53618
28577
58762
94493
33014
42917
68117
40723
83377
58948
32440
67409
83053
100123
93486
21713
56038
88083
40065
8833
47653
76903
63751
90372
82554
43134
57815
63657
5695
26836
13971
51422
77504
41061
17843
53032
75467
62713
48565
97667
49434
9808
29370
30598
14162
5451
98024
96557
81008
60215
103784
16258
40790
54739
57166
43822
84328
78653
59622
43230
51463
41968
44199
79217
99796
16349
58648
35344
41239
69175
78475
12924
21747
48624
89801
58827
93173
104957
54701
20551
13396
69157
54155
82177
16707
26415
66444
97346
72895
13460
27940
39181
86747
91131
23429
6567
11712
6348
14610
103082
20335
28757
102809
100706
66491
104674
11933
76523
26347
53386
58194
11660
18791
35401
56239
7683
66228
35733
104023
71547
20610
58894
38667
26448
32995
45591
13914
26600
103356
54088
72583
18817
7294
75757
7493
69850
83733
16320
89189
32872
73730
82006
35043
42240
17833
79461
72941
79369
11400
48773
40152
62547
103886
5543
63142
55848
46962
46134
51145
30313
54686
59004
11544
91669
72182
12997
98646
62450
98157
86450
51663
68692
20828
88981
40735
64840
16378
53626
23583
51393
43415
27372
69561
91402
82433
63070
19336
53951
27144
73405
100319
76218
101385
85237
53346
60869
22984
37152
27158
38017
7111
97743
22967
58977
72308
83716
77777
31127
20969
53296
79630
64545
63547
28515
65851
101272
51416
87807
21888
21980
90566
94911
20091
101396
52752
23831
63885
97871
26188
84459
57887
76811
64688
30074
23203
83195
94503
41644
51701
63352
55768
47990
37324
71606
50858
103642
74278
88049
83006
49700
89495
14152
49955
22638
95902
96183
22180
102249
91276
79386
5792
94096
30526
27582
89096
84477
77075
45914
97169
17440
23715
34439
102784
42937
74859
23226
45006
19672
47405
54027
47599
6770
56792
54674
64373
61723
26580
17451
53912
19217
69224
28354
81365
39279
98325
27780
49457
69958
47501
66686
55756
42327
31235
18622
59452
6297
22061
37547
37131
35998
8325
20284
48843
79977
58617
94238
67179
68041
82756
93121
63526
69812
40904
96615
96599
56005
103264
52182
21371
83061
50860
55982
50283
95149
86053
86212
60373
34357
36149
56248
78076
21068
23161
10195
43393
53969
76010
59519
104065
13144
18337
59263
36080
36401
35171
76848
104579
69823
34292
59451
25508
28454
100105
70047
58670
5223
104405
16251
47957
88886
20705
72523
69912
50911
17611
14242
9045
8130
103299
75952
26718
40628
7588
12591
11837
52344
38282
63997
58012
28989
91780
82883
31922
52265
16997
17661
28605
67657
87130
14694
8006
91027
98428
78326
81552
78069
16751
10115
22682
49824
104484
50317
39952
71871
13189
33253
25706
60509
98721
27177
31783
95859
103541
44339
62038
17215
77219
26679
77649
76746
21354
94589
11200
74072
24236
42946
81545
62944
22358
63591
10169
27900
81524
41646
7707
17646
81104
37250
54075
98827
35233
72022
69197
94188
10759
80722
62449
75402
10713
22737
55199
32832
46327
33281
63293
16074
59393
51205
98568
55351
32812
13358
95582
77142
42149
10075
54373
60601
63177
45079
49711
47141
37005
100669
68949
20617
54990
60689
28307
19249
57540
49112
47123
48275
44881
99458
21094
66170
49387
85354
51939
46700
81697
20685
70642
7038
23928
93617
34235
75273
67570
84532
64667
26489
6000
73817
45454
11252
24419
26361
61446
58925
47206
86055
5729
79040
15179
43298
25208
5597
88684
49596
60910
6322
27562
19146
29278
25683
90047
83798
42159
57138
63984
71867
78825
18207
24400
89103
59503
51387
55327
58773
6533
83653
16620
94783
28782
36757
88214
44391
27021
79194
88109
33162
22588
70025
34177
102133
62723
70788
45362
16039
6018
58056
66471
48975
100463
35470
31833
88448
67231
74310
68025
10517
22916
37134
51825
88545
7930
10607
73622
87171
102421
76766
66131
88408
54510
50244
19265
33526
100281
17277
76154
86491
28359
21291
98565
83806
23663
49086
46155
56405
52083
66582
64307
24056
10343
29147
47687
51905
45433
47778
52320
5099
54064
41871
12063
63907
92456
100288
45227
37168
104162
12567
36695
8813
13770
11464
88002
53462
45077
79149
79963
96371
13184
12136
78135
30112
80196
9796
35921
7671
13505
60670
83399
49980
45492
76673
32968
80439
37072
38283
56720
25367
67846
70680
28332
56504
86842
95814
32461
49074
6366
25699
32930
31880
54958
5085
22814
89503
88405
46193
39313
100963
18155
47834
80387
71327
68672
56846
87427
62467
31533
61561
86759
37404
99828
9089
13078
Window 2
21628
10508
22319
32844
104159
72223
77810
86735
74334
71677
28480
93801
66114
69585
23452
103987
12321
47586
35378
71197
77237
100331
57804
46711
17458
50879
43982
79575
100163
90201
84014
92010
77969
91432
47422
31362
82207
74913
30181
36573
81371
49063
10899
42717
89633
74574
51946
70164
30029
25185
11762
98808
101849
92852
103940
51433
72715
35577
89380
91138
102562
59424
49713
81440
68522
72382
56090
59685
85899
72505
21670
44007
26884
55304
69145
69605
74593
43555
65816
36061
65803
77695
24600
51893
83894
24214
51521
25853
53618
28577
58762
94493
98057
33014
42917
68117
40723
83377
58948
32440
67409
71489
83053
100123
93486
21713
56038
88083
40065
106595
47653
76903
63751
107342
90372
82554
109410
43134
57815
105701
63657
26836
13971
51422
77504
41061
17843
53032
75467
62713
48565
97667
49434
109871
29370
30598
105823
14162
98024
96557
81008
60215
103784
16258
40790
54739
57166
43822
84328
78653
59622
43230
51463
41968
44199
79217
99796
16349
58648
35344
41239
69175
78475
12924
108858
21747
48624
89801
58827
106428
93173
104957
54701
20551
13396
69157
54155
82177
16707
26415
66444
97346
72895
13460
27940
39181
86747
91131
23429
11712
14610
103082
20335
28757
102809
100706
66491
104674
11933
76523
75853
26347
53386
58194
11660
18791
35401
56239
31327
66228
35733
104023
71547
20610
58894
105675
16910
38667
26448
32995
45591
13914
26600
103356
54088
72583
18817
75757
69850
83733
16320
89189
32872
73730
82006
35043
42240
17833
79461
72941
79369
11400
48773
40152
62547
103886
63142
55848
108347
46962
46134
51145
30313
54686
72713
59004
11544
17328
91669
72182
12997
98646
62450
98157
86450
51663
68692
20828
88981
40735
64840
16378
53626
23583
51393
43415
27372
69561
91402
82433
63070
19336
53951
27144
73405
100319
76218
101385
85237
53346
60869
22984
37152
27158
38017
97743
22967
58977
72308
43264
83716
77777
31127
20969
53296
79630
64545
63547
106932
28515
65851
101272
51416
87807
21888
21980
90566
94911
20091
101396
91268
52752
23831
63885
97871
109109
26188
84459
57887
76811
64688
30074
23203
83195
94503
41644
51701
63352
55768
108015
47990
37324
71606
50858
103642
74278
88049
39892
83006
49700
89495
14152
49955
22638
95902
96183
22180
102249
91276
79386
106032
94096
30526
27582
89096
84477
83330
77075
45914
97169
17440
23715
34439
102784
106181
42937
106333
74859
23226
45006
19672
47405
54027
47599
56792
54674
64373
61723
26580
17451
53912
19217
69224
28354
107237
81365
39279
98325
27780
49457
69958
47501
66686
55756
42327
31235
18622
59452
22061
37547
37131
35998
25163
20284
48843
79977
58617
106398
94238
67179
68041
82756
95199
93121
63526
69812
40904
96615
96599
56005
103264
52182
21371
83061
50860
55982
50283
95149
86053
106097
86212
60373
34357
36149
56248
78076
21068
23161
10195
43393
109373
53969
76010
59519
104065
13144
18337
59263
36080
90755
36401
35171
76848
104579
69823
34292
59451
25508
28454
100105
70047
58670
104405
16251
47957
88886
20705
72523
69912
50911
17611
14242
103299
75952
26718
40628
12591
11837
52344
38282
63997
58012
28989
91780
82883
31922
52265
16997
17661
28605
67657
87130
14694
91027
98428
78326
81552
78069
16751
10115
22682
49824
104484
50317
39952
71871
13189
33253
25706
60509
98721
27177
31783
95859
103541
44339
62038
17215
77219
26679
77649
76746
21354
94589
11200
74072
24236
42946
81545
62944
22358
63591
10169
27900
81524
41646
17646
81104
37250
54075
98827
35233
72022
69197
94188
10759
80722
62449
75402
10713
22737
55199
32832
46327
33281
63293
16074
59393
51205
98568
55351
32812
13358
95582
77142
42149
10075
54373
60601
63177
45079
49711
47141
37005
108340
100669
68949
20617
54990
109535
60689
28307
19249
109543
57540
49112
47123
48275
44881
99458
21094
66170
49387
85354
51939
46700
81697
20685
70642
23928
93617
34235
75273
67570
56258
84532
64667
26489
73817
45454
11252
24419
26361
61446
75459
58925
47206
86055
79040
15179
43298
25208
88684
49596
70757
60910
27562
19146
108021
29278
25683
90047
83798
42159
57138
63984
76196
71867
78825
18207
24400
89103
59503
51387
55327
33480
58773
83653
16620
94783
28782
36757
88214
44391
27021
108522
79194
88109
33162
22588
70025
34177
102133
62723
70788
45362
16039
58056
66471
48975
100463
35470
31833
88448
67231
74310
68025
10517
22916
37134
51825
105594
108955
88545
10607
73622
87171
102421
76766
66131
88408
54510
50244
19265
33526
100281
17277
76154
86491
28359
21291
98565
83806
23663
49086
46155
56405
52083
107589
66582
64307
24056
10343
29147
47687
51905
45433
47778
52320
54064
41871
12063
63907
92456
100288
45227
108999
37168
104162
12567
36695
13770
46347
107880
107644
11464
88002
53462
45077
79149
79963
96371
13184
109810
12136
95413
78135
30112
80196
35921
13505
60670
83399
49980
45492
76673
32968
80439
37072
38283
56720
25367
67846
70680
28332
56504
86842
95814
32461
49074
106367
25699
32930
31880
54958
22814
89503
88405
46193
39313
100963
18155
47834
80387
71327
109521
68672
56846
80913
87427
62467
31533
61561
86759
37404
99828
13078
Window 3
21628
22319
32844
104159
72223
77810
86735
74334
112580
71677
28480
93801
66114
69585
23452
103987
47586
35378
71197
77237
100331
57804
46711
17458
50879
43982
79575
100163
90201
84014
92010
77969
91432
47422
31362
82207
74913
30181
36573
81371
49063
42717
89633
74574
51946
70164
30029
25185
98808
101849
92852
103940
51433
72715
35577
89380
91138
102562
59424
49713
81440
68522
72382
56090
59685
85899
72505
21670
28077
26884
55304
69145
69605
74593
43555
65816
36061
65803
77695
24600
51893
83894
24214
51521
25853
53618
28577
58762
94493
33014
42917
68117
40723
83377
58948
32440
67409
83053
100123
114195
93486
21713
56038
88083
40065
106595
47653
76903
63751
107342
90372
82554
109410
43134
57815
105701
112235
63657
26836
51422
77504
41061
17843
53032
75467
62713
48565
97667
49434
113677
109871
29370
30598
105823
98024
96557
81008
60215
103784
16258
40790
54739
57166
43822
84328
17569
78653
59622
43230
51463
41968
44199
79217
99796
16349
58648
35344
41239
69175
78475
108858
21747
48624
89801
58827
112171
106428
93173
104957
54701
20551
69157
54155
82177
16707
26415
66444
97346
72895
113601
27940
39181
86747
91131
23429
103082
20335
28757
102809
100706
66491
104674
76523
75853
26347
53386
58194
18791
35401
56239
66228
35733
104023
71547
20610
58894
105675
16910
38667
26448
32995
45591
26600
103356
54088
72583
18817
75757
69850
83733
16320
89189
32872
73730
82006
35043
42240
17833
79461
72941
79369
112049
48773
40152
62547
103886
63142
55848
108347
46962
46134
51145
30313
54686
59004
17328
91669
72182
98646
62450
98157
86450
51663
68692
20828
88981
40735
64840
16378
53626
23583
51393
43415
27372
69561
91402
82433
63070
19336
53951
27144
73405
100319
76218
101385
110458
85237
113777
53346
60869
22984
37152
27158
38017
97743
22967
58977
72308
83716
77777
31127
20969
53296
79630
64545
110499
63547
106932
28515
65851
101272
51416
87807
21888
21980
90566
94911
20091
101396
91268
52752
23831
63885
97871
109109
26188
84459
57887
76811
64688
30074
23203
94503
110630
41644
51701
63352
55768
108015
47990
37324
71606
50858
103642
74278
88049
39892
83006
49700
89495
49955
22638
95902
96183
22180
102249
91276
79386
106032
94096
30526
27582
89096
84477
77075
45914
110748
97169
17440
23715
34439
102784
106181
110584
42937
106333
74859
23226
45006
19672
47405
54027
47599
56792
54674
64373
61723
26580
17451
53912
19217
69224
112941
28354
107237
81365
39279
98325
27780
49457
69958
47501
66686
55756
42327
31235
18622
59452
22061
37547
37131
35998
25163
113470
47051
20284
48843
79977
58617
106398
94238
67179
68041
82756
95199
93121
63526
69812
40904
96615
96599
56005
103264
52182
21371
83061
50860
55982
50283
95149
86053
106097
86212
60373
34357
36149
56248
78076
21068
23161
43393
109373
53969
76010
59519
104065
18337
59263
36080
90755
113071
36401
35171
76848
104579
69823
34292
59451
25508
28454
100105
70047
58670
104405
16251
47957
88886
20705
72523
69912
50911
17611
110961
103299
75952
26718
40628
52344
38282
63997
111814
58012
111828
28989
91780
82883
31922
52265
66503
16997
17661
28605
67657
87130
91027
98428
78326
81552
78069
16751
22682
49824
104484
50317
39952
71871
33253
25706
60509
98721
27177
31783
95859
103541
44339
62038
17215
77219
26679
77649
110721
76746
21354
94589
74072
113824
24236
42946
81545
62944
112999
22358
63591
104823
27900
81524
41646
17646
81104
37250
54075
98827
35233
72022
69197
94188
80722
62449
75402
22737
55199
15694
32832
46327
33281
63293
16074
59393
51205
98568
32812
95582
77142
42149
54373
47500
60601
63177
45079
49711
47141
37005
108340
100669
68949
20617
54990
109535
60689
28307
19249
109543
57540
49112
47123
48275
44881
99458
21094
66170
49387
85354
51939
46700
81697
20685
70642
23928
93617
34235
75273
67570
84532
64667
26489
111315
73817
45454
110802
24419
26361
61446
58925
47206
86055
79040
15179
43298
25208
88684
49596
70757
60910
27562
19146
108021
29278
25683
90047
83798
42159
57138
63984
76196
71867
78825
18207
24400
89103
59503
51387
55327
33480
58773
83653
16620
94783
28782
36757
88214
44391
27021
108522
79194
88109
33162
22588
70025
34177
102133
62723
70788
45362
16039
58056
66471
48975
100463
35470
31833
88448
67231
74310
68025
68351
22916
37134
51825
105594
108955
88545
42202
73622
87171
102421
76766
66131
88408
54510
50244
19265
33526
100281
17277
76154
86491
28359
111803
21291
98565
83806
23663
49086
46155
56405
52083
107589
66582
64307
24056
29147
47687
51905
45433
47778
52320
54064
41871
63907
92456
100288
45227
108999
37168
104162
36695
46347
107880
107644
110405
88002
53462
45077
79149
79963
111749
96371
109810
78135
30112
80196
35921
60670
83399
49980
45492
76673
32968
80439
37072
38283
56720
25367
67846
70680
28332
56504
86842
95814
32461
49074
106367
25699
32930
31880
54958
83012
22814
89503
88405
113471
46193
39313
100963
18155
47834
80387
71327
109521
113603
68672
56846
113247
87427
62467
31533
61561
86759
37404
99828
28801
Window 4
21628
22319
32844
104159
72223
77810
86735
74334
112580
71677
115732
28480
93801
66114
69585
23452
103987
47586
35378
71197
77237
100331
57804
119656
46711
50879
43982
79575
100163
90201
84014
92010
117137
77969
91432
47422
31362
82207
74913
30181
36573
81371
49063
42717
89633
74574
51946
92366
70164
30029
25185
98808
101849
92852
103940
51433
72715
35577
89380
91138
102562
59424
49713
81440
118182
68522
72382
56090
59685
85899
72505
21670
28077
26884
55304
69145
69605
74593
43555
65816
36061
65803
77695
24600
51893
83894
24214
51521
25853
53618
28577
58762
94493
98057
33014
42917
68117
40723
83377
58948
32440
67409
83053
118355
100123
114195
93486
21713
56038
88083
40065
47653
76903
63751
107342
90372
82554
109410
43134
57815
105701
112235
63657
26836
51422
77504
41061
53032
75467
62713
48565
97667
49434
113677
109871
115844
29370
30598
105823
98024
96557
81008
60215
103784
40790
54739
57166
116489
43822
84328
78653
59622
43230
51463
41968
44199
79217
35403
99796
115792
58648
35344
41239
69175
78475
108858
21747
48624
89801
58827
112171
106428
93173
104957
54701
20551
69157
54155
82177
26415
66444
97346
72895
113601
27940
39181
86747
91131
23429
103082
20335
115473
28757
102809
100706
66491
104674
76523
116966
75853
26347
53386
58194
35401
56239
66228
35733
104023
71547
20610
58894
105675
38667
26448
32995
45591
26600
103356
54088
72583
75757
69850
83733
89189
32872
73730
82006
35043
42240
79461
72941
79369
112049
117943
48773
40152
62547
103886
63142
55848
108347
46962
46134
51145
30313
54686
59004
91669
72182
98646
62450
98157
86450
51663
68692
20828
88981
40735
64840
53626
23583
51393
43415
27372
69561
91402
82433
63070
53951
27144
73405
100319
76218
101385
118350
110458
85237
113777
53346
60869
22984
37152
27158
38017
84239
97743
22967
58977
72308
83716
77777
31127
20969
62646
53296
79630
64545
110499
63547
106932
28515
65851
101272
51416
87807
21888
21980
90566
94911
20091
101396
91268
52752
23831
63885
109109
26188
84459
116095
57887
76811
64688
30074
23203
83195
94503
26181
116885
110630
41644
51701
63352
55768
108015
47990
37324
119365
71606
50858
103642
116195
74278
88049
118543
83006
49700
89495
49955
22638
95902
96183
22180
102249
91276
79386
106032
94096
30526
27582
89096
84477
83330
77075
45914
110748
97169
117993
23715
34439
102784
106181
110584
42937
106333
23226
45006
74814
47405
54027
118357
47599
115658
117565
56792
54674
64373
61723
26580
53912
69224
112941
28354
107237
81365
39279
98325
116529
27780
49457
69958
47501
66686
55756
42327
31235
116457
59452
22061
37547
37131
35998
115147
25163
113470
47051
20284
48843
79977
58617
106398
94238
67179
68041
82756
95199
93121
63526
69812
40904
96615
96599
56005
103264
52182
21371
83061
115423
50860
55982
50283
95149
116684
86053
106097
119660
86212
60373
34357
36149
56248
78076
21068
23161
43393
109373
53969
76010
59519
104065
59263
36080
90755
113071
36401
35171
76848
104579
69823
34292
59451
25508
28454
118098
100105
70047
58670
104405
47957
88886
20705
72523
69912
50911
110961
103299
119302
75952
26718
40628
52344
38282
63997
111814
58012
111828
28989
91780
82883
31922
52265
66503
28605
67657
87130
91027
98428
78326
81552
78069
22682
49824
104484
50317
39952
71871
33253
25706
60509
98721
27177
31783
95859
103541
44339
62038
77219
26679
77649
110721
76746
21354
94589
116739
74072
113824
24236
42946
81545
62944
112999
26721
22358
63591
104823
27900
81524
115360
41646
81104
37250
54075
98827
35233
118649
72022
69197
94188
80722
62449
118544
75402
22737
55199
32832
46327
33281
63293
59393
51205
98568
55351
32812
95582
77142
42149
54373
47500
60601
63177
45079
61779
49711
47141
115223
37005
108340
100669
68949
20617
54990
109535
60689
28307
109543
57540
49112
47123
48275
44881
99458
21094
66170
49387
85354
51939
46700
81697
20685
70642
23928
93617
34235
75273
67570
84532
64667
26489
111315
73817
45454
110802
24419
26361
61446
58925
47206
86055
79040
43298
25208
88684
49596
70757
60910
27562
108021
29278
25683
116907
90047
83798
42159
57138
63984
76196
71867
78825
24400
89103
59503
51387
55327
33480
116673
58773
83653
115810
94783
28782
36757
88214
44391
27021
108522
79194
88109
33162
22588
70025
34177
102133
62723
70788
45362
118400
58056
66471
48975
100463
35470
31833
88448
67231
74310
68025
68351
22916
37134
51825
105594
108955
88545
117026
73622
87171
102421
76766
66131
88408
54510
50244
33526
100281
76154
86491
38962
28359
111803
21291
98565
83806
23663
49086
46155
56405
52083
107589
66582
64307
24056
29147
47687
51905
45433
47778
52320
54064
41871
63907
92456
100288
45227
108999
37168
104162
36695
46347
107880
119579
107644
110405
22109
88002
53462
45077
79149
79963
111749
39136
96371
109810
78135
30112
80196
35921
60670
83399
49980
45492
76673
32968
80439
37072
38283
56720
25367
67846
70680
28332
56504
86842
95814
32461
49074
60290
106367
25699
32930
31880
54958
83012
22814
89503
88405
113471
46193
39313
100963
47834
80387
71327
109521
113603
68672
56846
113247
87427
62467
31533
61561
86759
37404
99828
28801
Window 5
32844
104159
72223
77810
86735
74334
112580
71677
115732
28480
93801
66114
69585
122126
103987
47586
123395
35378
71197
77237
100331
57804
46711
50879
43982
79575
100163
90201
84014
92010
121964
117137
77969
91432
47422
82207
74913
30181
36573
81371
49063
42717
74574
51946
70164
30029
124605
98808
122521
101849
92852
103940
51433
72715
35577
89380
91138
102562
59424
49713
81440
118182
68522
72382
56090
59685
85899
123934
72505
28077
26884
55304
69145
69605
74593
43555
123292
65816
36061
65803
123053
77695
51893
83894
51521
25853
121088
53618
28577
58762
94493
33014
42917
68117
40723
58948
32440
67409
83053
118355
100123
114195
93486
56038
88083
40065
47653
76903
63751
107342
90372
124499
82554
109410
43134
57815
105701
112235
63657
26836
51422
77504
41061
75467
62713
48565
97667
49434
113677
109871
115844
29370
30598
105823
98024
96557
81008
60215
103784
40790
54739
57166
116489
43822
84328
78653
59622
51463
41968
44199
79217
35403
99796
115792
58648
121933
41239
69175
121396
78475
108858
48624
89801
123301
58827
112171
106428
93173
104957
54701
69157
54155
82177
26415
66444
97346
72895
27940
86747
91131
121681
103082
115473
28757
102809
100706
66491
104674
76523
116966
75853
26347
53386
58194
35401
124897
56239
66228
123712
35733
104023
71547
58894
105675
38667
26448
32995
45591
26600
103356
54088
72583
75757
69850
83733
89189
32872
73730
82006
35043
42240
79461
72941
79369
112049
117943
48773
40152
103886
63142
55848
46962
46134
51145
30313
54686
59004
91669
72182
98646
62450
98157
86450
51663
68692
88981
40735
121538
64840
53626
51393
43415
27372
91402
82433
63070
53951
27144
73405
100319
76218
101385
118350
110458
85237
113777
53346
60869
37152
27158
38017
97743
58977
72308
83716
77777
31127
53296
79630
64545
110499
63547
106932
28515
65851
101272
51416
87807
121285
90566
94911
101396
91268
52752
63885
109109
26188
84459
116095
123442
57887
76811
64688
30074
83195
121061
94503
110630
41644
51701
63352
55768
108015
120752
37324
71606
50858
103642
116195
74278
88049
118543
83006
49700
89495
123543
49955
95902
96183
91276
79386
106032
30526
27582
89096
84477
77075
45914
110748
97169
117993
34439
102784
106181
110584
42937
106333
45006
47405
54027
118357
47599
115658
117565
56792
54674
64373
61723
26580
53912
69224
112941
28354
107237
81365
39279
98325
116529
27780
49457
69958
47501
66686
55756
124974
42327
31235
116457
59452
37547
37131
35998
115147
25163
113470
48843
79977
58617
106398
124801
94238
67179
68041
82756
95199
93121
63526
69812
40904
96615
96599
56005
103264
52182
83061
115423
50860
55982
50283
95149
116684
106097
86212
60373
121221
34357
36149
56248
78076
121496
43393
53969
76010
59519
104065
59263
36080
90755
113071
35171
76848
123558
104579
69823
34292
59451
25508
28454
118098
100105
70047
120973
58670
104405
47957
88886
72523
69912
50911
110961
103299
75952
26718
40628
124183
52344
38282
63997
111814
58012
111828
28989
91780
82883
31922
52265
66503
28605
67657
87130
91027
98428
78326
81552
78069
124461
49824
104484
50317
39952
71871
33253
25706
60509
98721
27177
95859
103541
44339
77219
26679
77649
110721
76746
94589
116739
74072
113824
42946
123592
81545
62944
112999
63591
27900
81524
123632
115360
81104
37250
124847
98827
35233
118649
72022
69197
94188
80722
62449
118544
120368
75402
55199
32832
46327
33281
63293
59393
51205
98568
55351
32812
95582
77142
42149
54373
60601
63177
45079
49711
47141
115223
37005
108340
68949
54990
123665
109535
60689
28307
109543
57540
49112
47123
48275
44881
99458
66170
85354
51939
46700
81697
70642
93617
34235
123349
75273
67570
84532
124090
64667
26489
111315
73817
45454
110802
26361
61446
58925
47206
86055
79040
43298
25208
88684
49596
70757
60910
27562
108021
29278
25683
116907
121083
90047
83798
42159
57138
63984
76196
71867
78825
89103
59503
51387
120089
55327
33480
116673
58773
120715
83653
115810
94783
28782
36757
88214
44391
27021
108522
79194
88109
33162
70025
34177
102133
62723
70788
45362
118400
58056
66471
48975
100463
35470
120382
88448
67231
74310
68025
37134
51825
105594
108955
88545
117026
73622
87171
102421
120364
76766
66131
88408
54510
33526
100281
76154
86491
28359
98565
83806
49086
46155
56405
120301
52083
107589
64307
29147
47687
51905
45433
47778
52320
54064
41871
63907
92456
100288
45227
108999
37168
104162
36695
46347
107880
119579
107644
110405
88002
53462
45077
79149
79963
111749
39136
96371
109810
121791
78135
30112
80196
35921
60670
83399
49980
45492
76673
32968
80439
37072
38283
56720
25367
67846
70680
28332
56504
86842
123852
95814
32461
49074
106367
25699
32930
31880
54958
89503
88405
113471
46193
39313
100963
47834
80387
71327
109521
113603
68672
56846
113247
87427
62467
31533
61561
86759
37404
99828
Window 6
32844
104159
72223
77810
86735
74334
112580
71677
115732
93801
66114
69585
122126
103987
47586
123395
35378
71197
77237
100331
57804
46711
50879
43982
79575
100163
90201
84014
92010
121964
117137
77969
91432
82207
74913
30181
36573
81371
49063
42717
74574
51946
70164
30029
124605
98808
122521
101849
92852
103940
51433
72715
35577
89380
91138
102562
59424
49713
81440
118182
68522
72382
56090
59685
85899
123934
72505
55304
69145
69605
74593
43555
129900
123292
65816
36061
65803
123053
77695
51893
83894
51521
121088
53618
58762
94493
33014
42917
68117
40723
58948
32440
67409
83053
118355
100123
114195
93486
56038
88083
40065
47653
76903
63751
107342
90372
124499
82554
109410
43134
57815
105701
112235
63657
51422
77504
41061
75467
62713
48565
97667
49434
113677
109871
115844
30598
105823
98024
96557
81008
60215
103784
40790
54739
57166
116489
43822
84328
78653
126581
59622
51463
41968
44199
79217
35403
99796
115792
58648
121933
41239
69175
121396
78475
108858
48624
89801
123301
58827
112171
106428
93173
129187
126770
104957
54701
69157
54155
82177
66444
97346
72895
113601
39181
86747
91131
121681
129601
103082
115473
102809
100706
66491
104674
76523
126251
116966
53386
58194
35401
124897
56239
66228
123712
35733
104023
71547
58894
105675
38667
32995
45591
103356
54088
72583
75757
69850
83733
89189
32872
73730
82006
35043
42240
79461
72941
79369
112049
117943
48773
40152
103886
127655
63142
55848
46962
46134
51145
30313
54686
59004
91669
72182
98646
62450
98157
86450
51663
68692
88981
40735
121538
125571
64840
53626
51393
43415
91402
69561
82433
63070
53951
73405
128014
100319
125483
76218
101385
118350
110458
85237
113777
53346
60869
37152
38017
97743
58977
72308
83716
77777
31127
53296
79630
64545
110499
63547
106932
65851
101272
51416
87807
121285
90566
94911
101396
91268
52752
63885
109109
84459
116095
123442
57887
76811
64688
30074
83195
121061
94503
110630
41644
51701
63352
55768
108015
120752
37324
71606
50858
103642
116195
74278
88049
118543
83006
49700
89495
123543
49955
95902
96183
102249
91276
127023
79386
106032
30526
89096
84477
77075
45914
110748
97169
117993
34439
102784
106181
110584
42937
106333
45006
47405
54027
118357
126630
47599
115658
117565
128488
56792
54674
64373
61723
53912
69224
112941
107237
81365
39279
98325
116529
49457
69958
47501
66686
55756
124974
42327
31235
116457
59452
37547
37131
35998
115147
113470
48843
79977
58617
106398
124801
94238
67179
68041
82756
95199
93121
63526
69812
40904
96615
96599
56005
103264
52182
83061
115423
50860
55982
50283
95149
116684
106097
86212
60373
121221
34357
36149
56248
78076
121496
125101
43393
109373
53969
76010
59519
104065
59263
36080
128901
90755
113071
125724
35171
76848
123558
104579
69823
34292
59451
118098
100105
70047
120973
58670
104405
47957
88886
72523
69912
50911
110961
103299
127969
75952
40628
124183
128709
52344
38282
63997
111814
58012
111828
91780
82883
31922
52265
66503
67657
87130
91027
98428
128585
78326
81552
78069
124461
49824
104484
50317
39952
71871
33253
125404
128229
60509
98721
95859
103541
44339
77219
77649
110721
76746
94589
116739
74072
113824
42946
123592
81545
128391
62944
112999
63591
81524
123632
115360
41646
81104
37250
124847
98827
35233
118649
72022
69197
94188
80722
62449
118544
120368
75402
55199
32832
46327
33281
63293
59393
51205
98568
55351
32812
95582
77142
42149
54373
60601
63177
45079
49711
47141
115223
37005
108340
68949
54990
123665
109535
60689
109543
57540
49112
47123
48275
44881
99458
66170
85354
51939
46700
81697
70642
93617
34235
125231
123349
75273
67570
84532
124090
64667
111315
73817
45454
110802
61446
58925
47206
86055
79040
43298
88684
49596
126335
70757
60910
108021
116907
121083
90047
83798
42159
57138
63984
76196
71867
78825
89103
59503
51387
120089
55327
33480
116673
58773
120715
125368
83653
115810
94783
36757
88214
44391
108522
127619
79194
88109
126368
33162
70025
34177
129591
102133
62723
70788
45362
118400
58056
66471
48975
100463
35470
120382
88448
67231
74310
68025
37134
51825
105594
108955
88545
117026
73622
87171
127201
102421
120364
76766
66131
88408
54510
50244
129661
33526
100281
76154
86491
98565
83806
49086
129138
46155
56405
120301
52083
107589
64307
47687
51905
45433
47778
52320
54064
41871
63907
92456
100288
45227
108999
37168
104162
36695
46347
128449
107880
119579
107644
110405
88002
53462
45077
79149
79963
111749
39136
96371
109810
121791
126863
78135
30112
80196
35921
60670
83399
49980
45492
76673
32968
80439
37072
38283
56720
67846
70680
56504
86842
123852
95814
32461
49074
106367
32930
126643
31880
54958
89503
88405
113471
46193
39313
100963
47834
80387
71327
109521
113603
68672
56846
113247
87427
62467
31533
61561
86759
37404
125111
99828
Window 7
104159
72223
77810
86735
74334
133775
112580
71677
115732
93801
66114
69585
122126
103987
47586
123395
35378
71197
77237
100331
57804
119656
46711
50879
43982
79575
100163
90201
84014
92010
121964
132738
117137
77969
91432
82207
74913
36573
81371
49063
134491
42717
74574
51946
70164
132985
124605
98808
122521
101849
92852
103940
51433
72715
35577
89380
91138
102562
59424
49713
81440
118182
68522
72382
56090
59685
85899
123934
72505
44007
55304
69145
69605
74593
43555
129900
123292
132244
65816
36061
65803
123053
77695
51893
83894
132905
51521
121088
53618
58762
94493
98057
42917
68117
40723
58948
67409
71489
83053
118355
100123
114195
93486
132961
56038
88083
40065
47653
76903
63751
107342
90372
124499
82554
109410
43134
57815
105701
112235
63657
51422
77504
41061
75467
62713
48565
97667
49434
113677
109871
115844
105823
133158
98024
96557
81008
60215
103784
40790
54739
57166
116489
43822
84328
78653
126581
59622
43230
51463
41968
44199
79217
35403
99796
115792
58648
121933
41239
69175
121396
78475
108858
48624
89801
123301
58827
112171
106428
93173
129187
126770
131237
104957
54701
131340
69157
54155
82177
66444
97346
72895
131292
113601
39181
86747
130679
91131
121681
129601
103082
115473
102809
100706
66491
104674
130289
76523
126251
116966
75853
53386
58194
35401
124897
56239
66228
131035
123712
35733
104023
71547
58894
105675
38667
45591
103356
54088
72583
75757
69850
83733
89189
73730
82006
35043
42240
79461
72941
79369
112049
134717
117943
48773
40152
134857
103886
127655
63142
55848
46962
46134
51145
54686
59004
91669
72182
98646
62450
98157
86450
51663
68692
88981
40735
121538
125571
64840
53626
51393
130983
43415
91402
69561
82433
63070
53951
73405
128014
100319
125483
76218
101385
118350
110458
85237
113777
53346
60869
37152
38017
97743
58977
72308
132663
130125
83716
77777
53296
79630
64545
110499
63547
106932
65851
101272
51416
87807
121285
90566
94911
101396
91268
52752
63885
109109
84459
134563
116095
123442
57887
76811
64688
83195
121061
94503
110630
41644
51701
63352
55768
108015
120752
37324
71606
50858
103642
116195
125756
74278
88049
118543
39892
83006
49700
89495
123543
49955
95902
96183
102249
91276
127023
79386
106032
94096
130324
89096
84477
83330
77075
45914
110748
97169
117993
102784
106181
110584
42937
106333
45006
47405
54027
118357
126630
47599
115658
117565
128488
56792
54674
64373
61723
53912
69224
112941
107237
81365
39279
98325
116529
49457
69958
47501
66686
55756
124974
130411
42327
116457
59452
37547
37131
131558
35998
115147
113470
48843
79977
134736
58617
106398
124801
94238
67179
68041
82756
95199
93121
63526
69812
40904
96615
96599
56005
103264
52182
83061
115423
50860
55982
50283
95149
116684
106097
119660
86212
125929
60373
121221
36149
56248
78076
121496
125101
43393
109373
53969
76010
59519
104065
59263
36080
128901
90755
113071
125724
36401
35171
76848
123558
104579
69823
59451
118098
100105
70047
132147
120973
58670
132331
104405
47957
133897
88886
72523
69912
50911
110961
103299
127969
75952
40628
124183
128709
52344
38282
63997
111814
58012
111828
91780
82883
52265
67657
87130
91027
98428
128585
78326
81552
78069
124461
49824
104484
50317
39952
71871
125404
128229
60509
98721
95859
103541
44339
77219
77649
110721
76746
94589
116739
74072
113824
42946
123592
81545
128391
62944
131281
112999
63591
81524
123632
115360
41646
81104
37250
124847
98827
35233
118649
72022
69197
94188
80722
62449
121007
118544
120368
75402
55199
46327
63293
130107
59393
132046
51205
98568
55351
95582
77142
42149
54373
60601
63177
45079
49711
47141
115223
37005
132557
108340
68949
54990
123665
109535
60689
109543
57540
49112
47123
48275
44881
99458
66170
44895
85354
51939
46700
81697
70642
93617
134922
125231
123349
75273
67570
84532
124090
64667
111315
73817
45454
110802
61446
75459
58925
47206
86055
79040
43298
88684
49596
126335
70757
60910
108021
116907
121083
90047
83798
42159
57138
63984
76196
71867
78825
89103
59503
51387
120089
55327
116673
58773
120715
125368
83653
115810
94783
36757
88214
44391
108522
127619
79194
88109
126368
70025
129591
102133
62723
70788
45362
118400
58056
66471
48975
100463
132699
35470
120382
88448
67231
74310
68025
131641
37134
51825
105594
108955
88545
117026
73622
87171
127201
102421
120364
130550
76766
66131
88408
54510
50244
129661
100281
76154
86491
98565
83806
49086
129138
46155
56405
120301
52083
107589
64307
132075
47687
122578
51905
45433
47778
52320
54064
41871
63907
92456
100288
45227
108999
37168
104162
36695
128449
107880
119579
107644
110405
88002
53462
45077
79149
79963
111749
39136
96371
109810
121791
126863
78135
80196
35921
60670
83399
49980
45492
76673
80439
37072
38283
56720
67846
70680
56504
86842
123852
95814
49074
106367
126643
54958
89503
88405
113471
46193
39313
100963
47834
80387
71327
109521
113603
68672
56846
80913
113247
87427
62467
61561
86759
37404
125111
99828
Window 8
139990
104159
72223
77810
86735
74334
133775
112580
71677
115732
93801
66114
136706
69585
122126
103987
47586
123395
137853
71197
77237
100331
57804
119656
46711
50879
43982
79575
100163
138147
90201
84014
92010
121964
132738
117137
77969
91432
136702
82207
74913
81371
49063
134491
42717
89633
74574
51946
70164
132985
124605
98808
122521
101849
92852
103940
51433
72715
89380
91138
135189
102562
59424
49713
139729
81440
118182
68522
72382
56090
59685
85899
123934
72505
55304
135870
69145
69605
74593
43555
129900
123292
132244
65816
65803
123053
77695
51893
83894
139459
132905
51521
121088
53618
58762
94493
98057
138164
42917
68117
40723
83377
58948
67409
83053
118355
100123
114195
93486
138512
132961
56038
88083
40065
106595
47653
76903
63751
107342
90372
124499
82554
109410
43134
57815
105701
112235
63657
51422
77504
41061
138773
75467
62713
48565
97667
49434
113677
109871
115844
105823
136271
133158
98024
96557
81008
60215
103784
40790
54739
57166
116489
43822
84328
135249
78653
135204
126581
59622
43230
51463
41968
44199
136796
79217
99796
115792
58648
121933
41239
69175
121396
78475
108858
48624
89801
123301
58827
112171
106428
93173
129187
126770
131237
104957
54701
131340
69157
54155
82177
66444
139804
97346
72895
131292
113601
138883
86747
130679
91131
121681
129601
103082
135795
115473
102809
100706
66491
104674
130289
76523
126251
116966
75853
53386
58194
124897
56239
66228
131035
123712
104023
71547
58894
105675
45591
103356
54088
72583
75757
69850
83733
89189
73730
82006
42240
79461
72941
79369
112049
134717
117943
48773
40152
62547
134857
103886
127655
63142
55848
46962
46134
51145
54686
59004
91669
72182
98646
62450
98157
86450
51663
68692
88981
40735
121538
125571
64840
53626
51393
130983
43415
91402
69561
82433
63070
53951
73405
128014
100319
125483
76218
101385
118350
120536
110458
85237
113777
53346
60869
135087
97743
58977
72308
132663
130125
43264
83716
77777
53296
79630
64545
110499
63547
106932
65851
101272
51416
87807
121285
90566
94911
101396
91268
52752
63885
97871
109109
84459
134563
116095
123442
57887
76811
64688
83195
121061
94503
116885
110630
41644
51701
63352
55768
108015
120752
47990
123808
71606
50858
103642
116195
125756
74278
88049
118543
83006
49700
89495
123543
49955
95902
96183
102249
91276
127023
79386
106032
94096
130324
89096
124340
84477
83330
77075
45914
110748
97169
117993
102784
106181
135779
110584
42937
106333
74859
45006
47405
54027
135033
138613
118357
126630
47599
115658
117565
128488
56792
54674
64373
61723
53912
69224
112941
107237
81365
98325
116529
49457
69958
47501
66686
55756
124974
130411
42327
116457
59452
131558
115147
113470
136227
48843
79977
134736
58617
106398
124801
94238
67179
68041
82756
95199
135778
93121
63526
69812
40904
96615
96599
56005
103264
52182
136248
83061
137507
115423
50860
55982
50283
139104
95149
116684
86053
106097
119660
86212
125929
60373
135759
121221
56248
78076
121496
125101
43393
109373
53969
76010
59519
104065
59263
128901
90755
113071
125724
76848
123558
104579
69823
59451
136300
118098
100105
70047
132147
120973
58670
132331
104405
47957
133897
88886
72523
69912
50911
139978
110961
103299
127969
75952
40628
124183
128709
52344
63997
111814
58012
111828
91780
82883
52265
67657
87130
91027
98428
128585
78326
81552
78069
124461
49824
104484
50317
71871
125404
128229
60509
98721
95859
103541
44339
62038
77219
77649
110721
76746
94589
116739
74072
113824
42946
123592
81545
128391
62944
131281
112999
63591
81524
123632
115360
41646
81104
124847
54075
98827
118649
72022
69197
94188
80722
62449
121007
118544
120368
75402
55199
138546
46327
63293
130107
59393
132046
135963
51205
98568
55351
95582
77142
42149
54373
60601
63177
45079
49711
47141
115223
132557
108340
100669
68949
54990
123665
109535
60689
109543
57540
49112
47123
48275
137225
44881
99458
66170
126800
85354
51939
46700
81697
70642
93617
134922
125231
123349
139138
75273
67570
84532
124090
64667
111315
73817
45454
110802
61446
58925
47206
86055
79040
43298
88684
49596
126335
70757
60910
108021
116907
121083
90047
83798
42159
57138
63984
76196
71867
78825
89103
59503
51387
120089
55327
116673
58773
120715
125368
83653
115810
94783
88214
44391
108522
127619
79194
88109
126368
124257
70025
129591
102133
62723
70788
45362
118400
58056
66471
48975
100463
132699
120382
88448
67231
74310
68025
131641
51825
105594
139244
108955
88545
117026
73622
87171
127201
102421
120364
130550
76766
66131
88408
54510
50244
129661
100281
76154
86491
135667
98565
83806
49086
129138
46155
56405
120301
52083
107589
66582
64307
132075
47687
51905
45433
47778
52320
54064
41871
63907
92456
100288
45227
108999
104162
128449
107880
119579
107644
110405
88002
53462
45077
79149
79963
111749
114073
96371
109810
121791
126863
135381
78135
80196
60670
83399
49980
45492
76673
80439
56720
67846
70680
56504
86842
123852
95814
49074
106367
126643
54958
89503
88405
113471
46193
100963
47834
80387
71327
109521
113603
68672
56846
136144
113247
87427
62467
61561
86759
125111
99828
Window 9
139990
104159
72223
77810
86735
74334
133775
112580
71677
115732
93801
66114
136706
69585
122126
103987
143593
47586
123395
137853
71197
77237
100331
57804
119656
46711
50879
79575
100163
138147
90201
84014
92010
121964
132738
117137
77969
91432
136702
82207
74913
81371
140291
49063
134491
89633
74574
51946
70164
132985
124605
98808
122521
101849
92852
103940
51433
72715
89380
91138
144530
135189
102562
59424
49713
139729
81440
118182
68522
72382
56090
59685
85899
123934
72505
55304
135870
69145
69605
74593
129900
123292
132244
65816
65803
123053
141453
77695
51893
83894
139459
132905
51521
121088
143792
53618
58762
94493
138164
68117
83377
141142
58948
67409
71489
83053
118355
100123
114195
93486
138512
132961
56038
88083
106595
47653
76903
63751
107342
90372
124499
82554
109410
143450
57815
105701
112235
63657
51422
77504
138773
53032
75467
62713
48565
97667
49434
113677
109871
115844
105823
136271
143247
133158
98024
96557
81008
60215
103784
54739
57166
116489
84328
135249
78653
135204
126581
59622
51463
136796
79217
99796
115792
58648
121933
69175
121396
78475
108858
48624
89801
123301
58827
112171
106428
93173
129187
126770
131237
104957
54701
131340
69157
54155
82177
66444
139804
97346
72895
131292
113601
138883
86747
130679
91131
121681
129601
103082
135795
115473
102809
100706
66491
104674
130289
76523
126251
116966
53386
58194
140492
124897
56239
66228
131035
123712
104023
71547
58894
105675
45591
141399
103356
54088
72583
75757
69850
83733
89189
73730
82006
79461
72941
79369
112049
134717
117943
48773
62547
134857
103886
127655
63142
55848
108347
46962
46134
51145
54686
59004
91669
72182
98646
62450
98157
86450
51663
68692
88981
121538
125571
64840
53626
140607
142047
51393
130983
91402
69561
82433
63070
53951
73405
128014
100319
125483
76218
101385
118350
120536
110458
85237
113777
53346
60869
135087
97743
140373
58977
72308
132663
130125
83716
77777
143466
53296
79630
64545
110499
63547
106932
65851
101272
51416
87807
121285
90566
94911
101396
91268
52752
63885
97871
109109
84459
134563
116095
123442
57887
76811
64688
83195
121061
94503
116885
110630
51701
63352
55768
108015
120752
47990
123808
71606
50858
103642
116195
125756
74278
88049
118543
83006
49700
89495
123543
49955
143432
95902
96183
102249
91276
127023
79386
106032
94096
130324
89096
124340
84477
77075
45914
110748
97169
117993
102784
106181
135779
110584
106333
74859
45006
141959
47405
54027
135033
138613
118357
126630
47599
115658
117565
128488
143609
56792
54674
64373
61723
53912
69224
112941
107237
142147
81365
98325
116529
49457
69958
47501
66686
55756
124974
130411
116457
59452
131558
115147
113470
136227
48843
79977
134736
140296
58617
106398
124801
94238
67179
68041
82756
95199
135778
93121
63526
69812
96615
96599
56005
103264
52182
136248
83061
137507
115423
50860
55982
50283
139104
95149
116684
86053
106097
119660
86212
60373
135759
121221
56248
78076
121496
125101
109373
53969
76010
59519
104065
59263
128901
90755
113071
125724
76848
123558
104579
69823
59451
136300
118098
100105
70047
132147
120973
58670
132331
104405
144681
47957
133897
88886
72523
69912
50911
139978
110961
103299
127969
75952
124183
128709
52344
63997
111814
58012
111828
91780
144037
82883
52265
67657
87130
91027
98428
128585
78326
143742
81552
78069
124461
49824
104484
50317
71871
144564
125404
128229
60509
143182
98721
95859
103541
62038
77219
77649
110721
76746
94589
116739
74072
113824
123592
81545
128391
62944
131281
112999
63591
81524
123632
115360
81104
124847
54075
98827
118649
141819
72022
69197
94188
80722
62449
121007
118544
120368
75402
55199
138546
46327
63293
130107
140305
59393
132046
135963
51205
98568
55351
95582
77142
54373
60601
63177
45079
49711
47141
115223
132557
108340
100669
68949
54990
123665
109535
60689
109543
140624
57540
49112
47123
141170
48275
144779
137225
140104
99458
66170
140691
49387
126800
85354
51939
46700
81697
70642
93617
134922
125231
140541
123349
139138
75273
141257
67570
56258
84532
124090
64667
111315
73817
45454
110802
61446
75459
58925
47206
86055
79040
88684
49596
126335
70757
60910
142315
108021
116907
121083
90047
83798
57138
63984
76196
71867
78825
140549
89103
92767
59503
142550
51387
120089
55327
116673
58773
120715
125368
83653
115810
94783
142375
88214
108522
127619
79194
88109
126368
124257
140049
70025
143678
129591
102133
62723
70788
45362
118400
58056
66471
48975
100463
132699
120382
88448
67231
74310
144834
68025
131641
51825
105594
139244
108955
88545
117026
73622
87171
127201
102421
120364
130550
76766
66131
88408
54510
50244
144692
129661
100281
76154
86491
135667
140852
98565
83806
49086
129138
46155
56405
120301
52083
107589
66582
64307
132075
47687
122578
51905
45433
47778
52320
54064
63907
92456
100288
45227
108999
104162
128449
107880
119579
107644
110405
88002
53462
45077
79149
79963
111749
114073
96371
109810
121791
126863
135381
95413
78135
80196
60670
83399
49980
45492
76673
80439
56720
67846
70680
56504
86842
123852
95814
49074
106367
126643
54958
89503
88405
113471
46193
100963
47834
80387
71327
109521
113603
68672
56846
80913
136144
113247
87427
62467
61561
86759
125111
99828
