Window 0
19834
21648
89354
97201
97203
21472
45519
21470
21420
46749
46203
92141
16672
25363
26194
98428
21615
20004
16752
18138
90249
24493
37703
25362
16751
65618
19062
49628
30477
20201
64170
89000
20513
21665
16308
92319
49747
79780
89425
21522
25157
93681
80295
21980
82330
23166
34494
82349
25401
23191
93746
21922
81332
22317
83807
21419
24027
98194
19418
99967
93866
34191
87618
30476
81796
58818
99252
94894
21982
21413
99945
84066
19671
20486
48528
62386
99074
99749
48619
88992
90916
99255
99508
57792
82318
22986
99745
93694
21427
90320
80601
65595
24434
15280
99422
37028
46492
34495
80594
99254
86930
93051
99447
21544
99833
21414
80621
89359
23890
91340
59089
22041
52172
98429
18523
24028
24494
62871
22138
43277
86843
21833
40078
21981
6924
19996
89383
49117
19649
23157
25371
82953
23199
17477
20265
80842
97313
32289
65619
83808
36925
22803
21926
25181
80841
93744
46847
17730
21523
24966
48878
49063
22092
49627
16664
81825
80620
22065
59088
99253
39615
98571
99699
29475
21662
22232
57879
92318
20202
34251
22356
91527
99742
19944
58819
24565
91808
80595
93751
99368
93815
93052
27631
99606
90914
22087
99662
21666
20124
25372
12212
69059
99328
21834
88100
17397
81326
21974
21009
99075
96650
57855
82887
21642
79998
58150
82270
24487
99723
17334
21471
22741
21874
18524
82508
21699
63170
93816
81330
52307
49720
87661
16267
23200
24563
20594
18883
80602
86552
22166
90245
21667
45980
19279
21664
22264
39180
98498
34250
25368
34190
22066
99595
94901
2556
34528
86996
19447
26009
40480
92723
63138
25370
61003
34047
90915
2557
99724
90250
20003
37756
48134
19204
21632
82347
46202
22965
82346
57854
80600
19230
82343
34048
80819
90247
21821
25072
58039
93867
83013
21610
19648
19970
20007
22083
80598
98735
98105
21228
99366
34526
58484
91528
99635
90829
82273
21983
21640
16287
21641
18522
21946
99732
24486
25373
34102
99744
72764
19676
25231
89503
92017
92008
82867
47099
16306
82332
22231
80597
99620
41180
92142
89426
21916
22917
22527
21649
92019
52381
81420
21452
89385
99863
19945
83274
21412
87381
22074
25156
21766
85795
83888
92018
77129
14982
84397
82519
92724
21765
90246
22227
22389
23027
82782
87846
21694
21590
21416
19999
41652
96625
99027
86844
91923
97708
90248
46999
64963
97202
22614
22643
93053
19020
31846
22167
21633
12040
91925
53099
16307
22061
21862
92007
82509
80599
90828
18525
37755
91924
92984
21643
Window 1
19834
21648
89354
97201
104240
103674
21472
45519
21470
21420
46749
46203
92141
16672
25363
98428
21615
20004
16752
18138
24493
37703
104750
25362
16751
65618
19062
49628
30477
20201
64170
89000
20513
21665
16308
102242
92319
49747
79780
21522
25157
21980
23166
34494
101511
25401
23191
21922
81332
22317
83807
21419
24027
104959
19418
99967
34191
87618
30476
81796
58818
99252
94894
21982
21413
99945
84066
19671
20486
48528
62386
99074
99749
48619
88992
99255
99508
57792
22986
99745
21427
90320
103620
80601
65595
24434
15280
99422
37028
46492
34495
80594
99254
86930
99447
21544
99833
21414
80621
89359
23890
91340
59089
22041
52172
98429
18523
24028
24494
62871
22138
43277
86843
21833
40078
21981
6924
19996
89383
49117
19649
23157
25371
102595
23199
17477
20265
80842
97313
32289
65619
83808
36925
22803
21926
100885
25181
80841
104754
46847
17730
21523
103003
102956
24966
48878
49063
22092
49627
16664
81825
80620
22065
59088
99253
39615
98571
99699
29475
21662
22232
57879
103448
92318
20202
34251
22356
91527
99742
19944
58819
24565
91808
80595
93751
99368
93815
93052
27631
99606
90914
22087
99662
21666
20124
25372
12212
69059
99328
21834
17397
81326
21974
21009
99075
96650
57855
82887
21642
79998
58150
82270
24487
99723
17334
21471
22741
21874
18524
82508
21699
63170
81330
52307
49720
16267
23200
24563
20594
18883
80602
86552
22166
90245
21667
45980
19279
21664
104496
22264
39180
98498
102867
34250
25368
34190
22066
99595
94901
34528
86996
19447
26009
40480
92723
63138
25370
61003
34047
99724
104755
20003
37756
48134
104911
19204
100028
21632
46202
22965
57854
80600
102955
19230
82343
34048
80819
90247
21821
25072
58039
93867
21610
19648
19970
20007
22083
80598
98105
21228
99366
34526
58484
91528
99635
21983
21640
16287
21641
18522
21946
99732
24486
25373
34102
99744
72764
19676
25231
92017
92008
47099
16306
82332
22231
80597
99620
41180
92142
103450
21916
22917
22527
21649
92019
52381
81420
102513
21452
89385
99863
19945
83274
21412
87381
104548
22074
25156
21766
85795
101384
83888
92018
104761
77129
14982
84397
82519
92724
102243
21765
22227
23027
82782
87846
21694
21590
21416
19999
41652
103449
96625
99027
86844
91923
97708
90248
46999
64963
97202
22614
22643
19020
31846
22167
103673
21633
12040
91925
53099
16307
22061
21862
92007
82509
80599
90828
18525
101512
37755
91924
92984
21643
Window 2
19834
21648
97201
104240
105364
103674
21472
45519
21470
21420
46749
46203
92141
16672
109875
25363
98428
21615
20004
16752
18138
24493
37703
104750
109242
25362
16751
65618
19062
49628
30477
20201
64170
89000
20513
21665
16308
92319
49747
79780
21522
25157
21980
23166
34494
101511
25401
23191
109132
21922
81332
22317
109795
83807
21419
24027
104959
19418
34191
87618
30476
81796
58818
108757
94894
21982
21413
84066
19671
20486
48528
62386
99074
48619
109153
57792
22986
99745
21427
90320
103620
80601
65595
24434
15280
37028
46492
34495
80594
86930
21544
21414
80621
89359
23890
91340
59089
22041
52172
98429
18523
24028
24494
62871
22138
43277
86843
21833
40078
21981
19996
49117
19649
23157
25371
23199
17477
20265
108754
80842
97313
32289
65619
83808
36925
22803
21926
100885
25181
80841
104754
46847
17730
21523
103003
102956
24966
48878
49063
22092
49627
16664
81825
80620
22065
105023
59088
39615
98571
29475
21662
22232
57879
103448
20202
105258
34251
22356
91527
99742
19944
58819
24565
91808
80595
93815
27631
99606
22087
21666
20124
25372
12212
69059
21834
17397
81326
21974
21009
99075
96650
57855
82887
21642
79998
108753
58150
82270
24487
99723
17334
21471
22741
21874
18524
82508
21699
63170
81330
52307
49720
16267
23200
24563
20594
18883
80602
86552
22166
21667
45980
19279
21664
22264
39180
98498
102867
34250
25368
34190
22066
94901
34528
86996
19447
26009
40480
92723
63138
25370
61003
34047
109716
99724
109800
104755
20003
37756
48134
19204
21632
46202
22965
57854
80600
102955
19230
105763
82343
34048
80819
21821
25072
58039
109799
21610
19648
19970
20007
22083
80598
98105
21228
34526
58484
91528
21983
21640
16287
21641
18522
21946
99732
24486
25373
34102
99744
72764
19676
25231
92017
92008
47099
16306
82332
22231
80597
41180
92142
109169
21916
22917
22527
21649
109127
92019
52381
81420
102513
21452
19945
83274
21412
87381
22074
25156
21766
85795
101384
83888
92018
104761
77129
14982
84397
82519
92724
21765
22227
109146
23027
87846
21694
21590
21416
19999
41652
96625
99027
86844
91923
97708
46999
64963
97202
22614
22643
19020
31846
22167
103673
21633
12040
106410
91925
109794
53099
16307
22061
21862
92007
82509
80599
18525
101512
37755
91924
92984
21643
Window 3
19834
97201
104240
105364
103674
21472
45519
21470
111680
21420
46749
46203
92141
16672
98428
21615
20004
16752
18138
24493
37703
16751
65618
19062
49628
30477
20201
64170
20513
21665
16308
92319
49747
79780
21522
25157
21980
34494
101511
23191
109132
21922
81332
22317
109795
83807
21419
24027
19418
34191
87618
30476
81796
58818
108757
111682
94894
21982
21413
84066
19671
20486
48528
62386
99074
48619
57792
22986
99745
111475
21427
90320
103620
80601
65595
24434
15280
37028
46492
34495
80594
86930
21544
21414
80621
23890
91340
59089
22041
52172
98429
18523
24028
24494
62871
22138
43277
86843
21833
40078
21981
19996
49117
19649
23157
25371
23199
17477
20265
80842
111323
97313
32289
65619
83808
36925
22803
21926
100885
25181
80841
46847
17730
21523
103003
102956
24966
48878
49063
22092
49627
113308
16664
81825
80620
22065
59088
39615
98571
29475
21662
22232
57879
20202
105258
34251
22356
91527
99742
19944
58819
24565
113440
91808
80595
93815
27631
22087
21666
20124
25372
69059
21834
17397
81326
21974
21009
99075
96650
57855
82887
21642
79998
58150
82270
24487
99723
17334
21471
22741
21874
18524
82508
21699
63170
81330
52307
49720
16267
23200
24563
113436
20594
18883
80602
86552
22166
21667
45980
19279
21664
22264
39180
98498
34250
25368
34190
114990
22066
94901
34528
86996
19447
26009
40480
92723
63138
25370
61003
34047
109716
99724
20003
37756
48134
19204
21632
46202
22965
57854
80600
111681
102955
19230
105763
82343
34048
80819
21821
25072
58039
21610
19648
19970
20007
22083
80598
98105
21228
34526
58484
91528
21983
21640
16287
21641
18522
21946
99732
24486
25373
34102
99744
72764
19676
25231
92017
92008
47099
16306
82332
22231
80597
41180
92142
21916
22917
22527
21649
92019
52381
81420
102513
21452
19945
83274
21412
87381
22074
25156
114992
21766
85795
101384
83888
92018
77129
84397
82519
92724
21765
22227
23027
87846
21694
21590
21416
19999
41652
99027
86844
91923
97708
46999
64963
97202
22643
114991
19020
31846
22167
103673
21633
113437
91925
109794
53099
16307
22061
21862
92007
82509
80599
18525
101512
37755
91924
92984
21643
Window 4
21648
97201
104240
105364
115567
103674
21472
45519
21470
111680
21420
46749
46203
92141
25363
98428
26194
21615
20004
24493
37703
25362
65618
49628
30477
20201
64170
20513
21665
92319
49747
79780
21522
25157
21980
34494
23166
101511
25401
23191
109132
21922
81332
22317
109795
83807
21419
24027
34191
87618
30476
81796
58818
108757
111682
94894
21982
21413
84066
20486
48528
62386
115548
99074
48619
119203
57792
22986
99745
111475
21427
90320
103620
80601
65595
24434
37028
46492
34495
80594
86930
21544
21414
117965
80621
23890
91340
59089
22041
52172
98429
24028
24494
62871
22138
43277
86843
21833
40078
21981
20572
49117
23157
25371
23199
20265
80842
111323
97313
119105
32289
65619
83808
36925
22803
21926
116243
25181
80841
46847
21523
103003
102956
117964
24966
48878
49063
22092
49627
113308
81825
80620
22065
22980
59088
39615
29475
21662
22232
117066
57879
20202
105258
34251
118337
22356
91527
99742
58819
24565
113440
91808
80595
93815
27631
22087
21666
20124
25372
69059
21834
81326
21974
21009
99075
96650
57855
82887
21642
79998
58150
82270
24487
99723
21471
22741
21874
119208
82508
21699
63170
119181
81330
52307
116116
49720
23200
24563
113436
20594
80602
86552
22166
21667
45980
21664
22264
39180
117555
98498
34250
25368
34190
114990
22066
94901
34528
86996
26009
40480
92723
25398
63138
25370
61003
34047
99724
20003
37756
48134
21632
118801
46202
22965
57854
80600
111681
102955
105763
82343
34048
80819
21821
25072
58039
21610
20007
22083
80598
98105
21228
34526
58484
91528
21983
21640
21641
21946
99732
24486
25373
34102
99744
72764
118895
25231
92017
92008
118922
47099
82332
22231
80597
41180
92142
21916
22917
22527
21649
92019
52381
81420
102513
21452
83274
21412
87381
22074
25156
114992
117963
21766
85795
101384
83888
92018
77129
84397
82519
21765
118696
22227
23027
87846
22389
116790
21694
21590
21416
41652
116117
99027
96625
86844
91923
97708
46999
64963
97202
22614
22643
114991
31846
22167
103673
21633
113437
91925
109794
53099
22061
21862
92007
82509
80599
101512
37755
91924
92984
21643
Window 5
25605
97201
104240
105364
103674
106629
45519
123461
123584
111680
39497
44492
46749
46203
92141
25363
98428
26194
80005
123460
123887
32719
55020
37703
123886
25362
65618
49628
96941
30477
64170
36478
92319
49747
79780
25157
121541
122320
34494
28524
36413
101511
25401
109132
81332
109795
83807
45095
34191
44491
87618
30476
81796
53818
58818
82203
115169
108757
111682
120493
100366
94894
84066
48528
62386
115548
99074
48619
122176
113124
119203
120963
116955
87189
57792
120750
99001
99745
111475
90320
103620
80601
65595
123577
37028
121031
46492
107055
32717
34495
80594
84791
77497
86930
74546
117965
80621
91340
123459
59089
52172
98429
102977
62871
43277
86843
117380
40078
88381
36784
49117
25371
80842
111323
124410
97313
119105
122511
32289
65619
83808
36925
122853
116243
25181
118601
80841
46847
103003
102956
117964
48878
49063
120751
49627
113308
81825
80620
36782
59088
96320
39615
120473
29475
117066
44490
57879
122055
105258
120551
34251
118337
120374
91527
99742
41093
58819
113440
122177
91808
80595
93815
27631
123807
25372
69059
81326
123585
99075
123885
96650
57855
82887
79998
124281
58150
82270
99723
122771
36668
119208
75832
124842
82508
120758
120722
63170
119181
81330
52307
116116
49720
113436
100761
80602
86552
45980
120439
88454
39180
117555
99284
98498
34250
120726
25368
34190
114990
94901
110400
34528
86996
118719
120723
26009
40480
92723
25398
63138
25370
61003
34047
123351
104510
120372
99724
37756
25197
48134
118801
120380
118703
46202
123462
57854
80600
111681
102955
105763
82343
34048
80819
32718
86993
25072
118600
58039
118599
82202
124411
32736
80598
70025
98105
34526
121009
58484
91528
87563
122772
121008
85730
114508
99732
99000
25373
34102
99744
72764
36779
118895
25231
78939
123898
124477
92017
92008
118922
73804
47099
82332
80597
41180
92142
54990
92019
36601
52381
81420
120569
83274
46532
87381
25156
114992
117963
85795
101384
83888
92018
77129
100010
100013
84397
82519
85736
106289
118696
120373
120552
117456
87846
116790
41652
116117
40494
99027
96625
86844
91923
97708
46999
64963
97202
74969
100762
114991
31846
40499
103673
41512
113437
123463
91925
109794
53099
79452
92007
82509
80599
101512
120874
37755
91924
92984
Window 6
97201
104240
105364
103674
106629
45519
123461
123584
111680
39497
44492
46749
46203
92141
98428
80005
123460
123887
32719
55020
37703
123886
128781
65618
49628
96941
30477
64170
36478
92319
49747
79780
126797
121541
34494
36413
101511
109132
81332
109795
83807
45095
34191
44491
87618
30476
81796
53818
58818
82203
128107
115169
108757
111682
120493
100366
94894
125806
84066
48528
62386
99074
48619
122176
113124
119203
120963
116955
87189
57792
120750
99001
99745
111475
90320
103620
80601
65595
123577
37028
121031
46492
107055
32717
34495
80594
84791
77497
86930
74546
117965
80621
91340
123459
59089
52172
98429
102977
62871
127565
43277
86843
117380
40078
88381
129890
36784
49117
80842
111323
124410
97313
119105
122511
32289
65619
83808
36925
122853
116243
118601
80841
46847
103003
102956
117964
48878
127976
49063
120751
49627
113308
81825
80620
36782
59088
96320
39615
120473
117066
44490
57879
122055
105258
120551
34251
118337
120374
91527
99742
41093
58819
113440
122177
91808
80595
93815
123807
69059
81326
123585
99075
123885
96650
57855
82887
79998
124281
58150
82270
99723
122771
36668
119208
75832
124842
82508
120758
120722
63170
119181
81330
52307
116116
49720
113436
100761
80602
86552
45980
120439
88454
39180
117555
99284
98498
34250
120726
34190
114990
94901
110400
34528
86996
118719
120723
40480
92723
63138
128754
61003
34047
104510
120372
99724
37756
48134
118801
120380
118703
46202
123462
57854
80600
111681
102955
105763
82343
34048
80819
32718
86993
118600
58039
118599
82202
124411
32736
80598
70025
98105
34526
121009
58484
91528
87563
122772
121008
85730
114508
99732
126831
99000
34102
99744
72764
36779
118895
78939
123898
124477
92017
92008
118922
73804
47099
82332
128214
80597
41180
92142
54990
92019
36601
52381
81420
120569
83274
46532
87381
114992
117963
85795
101384
125753
83888
92018
77129
100010
126005
100013
84397
82519
85736
106289
118696
120373
120552
117456
87846
41652
116117
40494
99027
96625
86844
91923
97708
46999
64963
97202
74969
100762
114991
31846
40499
103673
41512
113437
123463
91925
109794
53099
79452
92007
82509
80599
101512
120874
37755
91924
92984
Window 7
97201
104240
105364
103674
106629
45519
123461
123584
132362
111680
39497
131326
131961
44492
46749
46203
92141
131878
98428
80005
123460
123887
37703
123886
128781
65618
134022
49628
96941
64170
36478
92319
49747
79780
121541
36413
101511
133461
131546
109132
81332
109795
83807
45095
44491
87618
81796
53818
58818
82203
128107
108757
111682
120493
94894
125806
84066
48528
62386
99074
48619
122176
113124
119203
132600
120963
116955
87189
57792
99001
99745
111475
131969
90320
103620
80601
65595
123577
37028
121031
46492
80594
84791
86930
117965
80621
91340
123459
59089
131960
132289
52172
132146
98429
102977
62871
131325
127565
43277
86843
40078
88381
129890
36784
49117
80842
131970
133456
111323
124410
133308
97313
119105
122511
65619
131932
83808
36925
122853
116243
118601
80841
46847
103003
102956
117964
48878
127976
132145
49063
49627
113308
81825
80620
36782
59088
39615
120473
131520
117066
44490
57879
122055
105258
131856
120551
118337
120374
91527
99742
58819
133750
113440
122177
91808
133792
80595
93815
123807
133706
69059
81326
123585
99075
123885
96650
57855
82887
79998
124281
58150
133793
82270
99723
122771
119208
75832
124842
131876
82508
120758
120722
63170
119181
81330
52307
116116
49720
133788
113436
100761
80602
86552
131490
132601
45980
120439
39180
117555
99284
98498
120726
114990
94901
110400
86996
131897
118719
120723
40480
92723
63138
128754
61003
132363
131881
132144
120372
99724
37756
48134
118801
120380
118703
46202
123462
57854
80600
111681
131979
102955
105763
82343
80819
86993
131142
134732
118600
58039
118599
82202
124411
80598
70025
98105
131446
121009
58484
91528
87563
122772
121008
85730
114508
99732
99000
99744
72764
36779
118895
78939
123898
124477
92017
92008
118922
47099
82332
133705
128214
80597
41180
92142
92019
36601
52381
81420
120569
83274
87381
131869
114992
117963
85795
101384
125753
83888
92018
77129
100010
126005
100013
84397
82519
106289
118696
120373
120552
117456
87846
41652
132365
116117
40494
99027
96625
86844
91923
97708
46999
64963
97202
74969
100762
132364
114991
103673
41512
113437
123463
91925
109794
53099
79452
92007
82509
80599
101512
120874
37755
91924
92984
Window 8
97201
104240
105364
103674
106629
45519
123461
123584
132362
111680
131326
131961
44492
46749
46203
92141
98428
80005
123460
123887
123886
128781
138533
65618
134022
138464
49628
96941
64170
92319
49747
79780
121541
101511
133461
109132
81332
109795
83807
45095
44491
87618
81796
53818
58818
82203
128107
138558
108757
111682
120493
94894
125806
84066
48528
62386
99074
48619
122176
113124
119203
132600
120963
138462
116955
87189
57792
99001
99745
111475
131969
90320
103620
80601
65595
123577
121031
46492
80594
84791
86930
117965
80621
91340
123459
59089
131960
132289
52172
132146
98429
102977
62871
131325
127565
43277
86843
40078
88381
129890
49117
80842
131970
133456
111323
124410
133308
97313
119105
122511
65619
139662
138406
83808
122853
116243
118601
80841
46847
103003
102956
117964
48878
127976
132145
49063
49627
113308
81825
80620
59088
120473
117066
44490
57879
122055
105258
120551
118337
120374
91527
138405
99742
58819
133750
113440
122177
91808
133792
80595
93815
123807
133706
69059
81326
123585
99075
123885
96650
57855
82887
79998
124281
58150
133793
82270
99723
122771
119208
75832
124842
82508
120758
120722
63170
119181
81330
52307
116116
49720
133788
113436
100761
80602
86552
131490
132601
45980
120439
117555
99284
98498
120726
114990
138508
94901
110400
86996
118719
120723
40480
92723
63138
128754
61003
132363
132144
120372
99724
48134
118801
120380
118703
46202
123462
57854
80600
111681
131979
102955
105763
82343
80819
86993
131142
134732
118600
58039
118599
82202
124411
80598
70025
98105
121009
58484
91528
87563
122772
121008
85730
114508
99732
99000
138963
99744
72764
118895
78939
123898
124477
92017
92008
118922
47099
82332
133705
128214
80597
41180
92142
92019
52381
81420
120569
138559
83274
87381
114992
117963
85795
101384
125753
83888
92018
77129
100010
126005
100013
84397
82519
85736
106289
118696
120373
120552
117456
87846
41652
132365
116117
139024
40494
99027
96625
86844
91923
97708
46999
64963
97202
74969
100762
132364
114991
103673
41512
113437
123463
91925
109794
53099
79452
92007
82509
80599
101512
120874
91924
92984
Window 9
97201
104240
105364
142387
103674
106629
45519
123461
123584
132362
111680
131326
131961
46749
46203
92141
98428
80005
123460
123887
123886
128781
138533
65618
134022
138464
49628
96941
142389
64170
92319
49747
79780
121541
101511
133461
109132
81332
109795
83807
45095
143526
87618
81796
53818
58818
82203
128107
138558
108757
111682
120493
94894
125806
84066
48528
62386
99074
48619
122176
113124
119203
144117
132600
120963
138462
116955
87189
57792
99001
99745
111475
131969
90320
103620
80601
65595
123577
121031
46492
80594
84791
86930
141691
117965
80621
91340
123459
59089
131960
132289
52172
132146
98429
102977
62871
131325
127565
86843
88381
129890
49117
80842
131970
133456
111323
124410
133308
97313
119105
122511
65619
139662
138406
83808
122853
116243
118601
80841
46847
103003
102956
117964
48878
127976
132145
49063
49627
113308
81825
80620
59088
120473
117066
57879
122055
105258
141689
120551
118337
120374
91527
138405
99742
58819
142388
133750
113440
122177
91808
133792
80595
93815
123807
133706
69059
81326
123585
99075
123885
96650
57855
82887
143946
79998
124281
143525
58150
133793
82270
99723
122771
119208
75832
124842
82508
120758
120722
63170
119181
81330
52307
116116
49720
133788
113436
100761
80602
86552
131490
132601
45980
120439
117555
99284
98498
120726
114990
138508
94901
110400
140366
86996
142817
118719
120723
92723
63138
128754
61003
143217
132363
132144
120372
99724
48134
144118
118801
120380
140946
118703
46202
123462
57854
80600
111681
131979
102955
105763
82343
80819
86993
131142
143947
144249
118600
144247
58039
118599
82202
124411
143527
80598
70025
98105
121009
58484
91528
87563
122772
121008
140901
85730
114508
99732
99000
138963
99744
72764
118895
78939
123898
124477
92017
92008
118922
47099
82332
133705
128214
80597
92142
92019
52381
81420
120569
142580
138559
83274
87381
114992
117963
85795
101384
125753
83888
92018
77129
100010
126005
100013
84397
82519
85736
106289
118696
120373
120552
117456
87846
132365
116117
139024
99027
96625
86844
91923
97708
46999
64963
97202
74969
143215
100762
132364
114991
103673
113437
123463
91925
109794
53099
79452
92007
82509
144019
80599
101512
120874
91924
92984
