Window 0
16009
11703
6268
12784
16010
19920
1531
64911
58379
87239
86079
3416
833
19938
5559
67622
1431
5474
6272
19945
68189
99630
64176
99633
68465
9263
18187
11698
68332
17487
3712
5564
544
30029
2589
5436
15688
24581
64905
19923
24580
86096
11706
5725
19955
22532
12920
868
11705
64171
68121
99635
56001
1405
22531
2000
3433
64909
68123
65198
11717
64734
64926
6269
64880
14913
14273
68188
18185
5475
68124
5567
68185
30013
15689
3120
1713
1831
10505
1867
17307
68126
3599
23153
68766
3279
10832
16592
5909
434
2587
3995
15491
2588
40232
67617
71840
2879
12770
6274
15461
1406
87240
3996
16593
16597
5142
12759
53959
68331
2575
99632
30012
63132
4593
78927
99631
17486
63486
64656
12785
11702
22482
67246
64881
11982
86081
5629
852
99638
64173
64906
68767
19912
83173
63124
86091
86093
5507
63485
3447
869
64174
2306
68180
22412
68181
5143
19958
2576
68191
539
16535
68466
3017
1682
68765
1971
13008
14272
11701
19957
5721
1999
5724
30030
64910
5924
64892
5563
3008
17225
66578
19921
17305
6277
30006
832
3304
68183
17308
22530
11937
3711
249
67616
19924
5720
58246
4591
15489
543
7434
16594
30007
64891
10834
15471
280
2880
64655
86104
17226
18184
3007
64894
19939
15470
723
68184
99634
1732
14914
1833
64890
68125
851
6276
3415
41808
11704
64172
433
538
5557
30015
3410
12768
14918
67247
1430
5437
19940
3303
5910
11726
1832
64124
10835
30016
86107
65186
14917
1731
19947
68190
395
82299
99614
250
86089
68187
11719
6266
7435
65185
19956
4592
64175
3412
68182
30011
68192
12929
3446
5558
19946
56596
12753
3411
19914
14268
6275
1974
62848
64895
10833
19944
64907
86090
86092
1973
12928
14269
1714
4023
19911
63123
6273
542
7442
15462
65199
86095
58706
99628
18186
724
63122
3414
86080
1683
56090
3836
7436
19925
14264
3409
14743
11725
86094
281
1868
18188
17306
81828
1532
58834
6075
17309
68186
1972
4022
72843
3278
11718
3119
12771
67623
3018
396
30017
68122
3600
6267
11938
5569
5568
19948
14915
15490
10828
3835
13009
64879
19943
82300
19954
10827
2307
58415
64123
67618
58682
64893
30014
63986
65612
Window 1
16009
11703
6268
12784
16010
19920
64911
58379
87239
86079
19938
5559
67622
5474
6272
19945
68189
99630
64176
99633
68465
9263
18187
11698
68332
17487
5564
30029
5436
15688
64905
19923
24580
86096
11706
5725
19955
22532
12920
11705
64171
68121
99635
56001
22531
64909
68123
65198
11717
64734
64926
6269
64880
14913
14273
68188
18185
5475
68124
5567
68185
30013
15689
10505
17307
68126
23153
68766
10832
16592
5909
15491
67617
71840
12770
6274
15461
87240
16593
16597
5142
12759
53959
68331
99632
30012
63132
78927
99631
17486
63486
64656
12785
11702
22482
67246
64881
11982
86081
5629
99638
64173
64906
68767
19912
83173
63124
86091
86093
5507
63485
64174
68180
22412
68181
5143
19958
68191
16535
68466
68765
13008
14272
11701
19957
5721
5724
30030
64910
5924
64892
5563
17225
66578
19921
17305
6277
30006
68183
17308
22530
11937
67616
19924
5720
58246
15489
7434
16594
30007
64891
10834
15471
64655
86104
17226
18184
64894
19939
15470
68184
99634
14914
64890
68125
6276
41808
11704
64172
5557
30015
12768
14918
67247
5437
19940
5910
11726
64124
10835
30016
86107
65186
14917
19947
68190
82299
99614
86089
68187
11719
6266
7435
65185
19956
64175
68182
30011
68192
12929
5558
19946
56596
12753
19914
14268
6275
62848
64895
10833
19944
64907
86090
86092
12928
14269
19911
63123
6273
7442
15462
65199
86095
58706
99628
18186
63122
86080
56090
7436
19925
14264
14743
11725
86094
18188
17306
81828
58834
6075
17309
68186
72843
11718
12771
67623
30017
68122
6267
11938
5569
5568
19948
14915
15490
10828
13009
64879
19943
82300
19954
10827
58415
64123
67618
58682
64893
30014
63986
65612
Window 2
16009
11703
12784
16010
19920
64911
58379
87239
19938
67622
19945
68189
64908
64176
99633
68465
18187
11698
68332
56066
17487
30029
15688
64905
19923
24580
86096
11706
56087
19955
22532
12920
11705
64171
68121
99635
56001
22531
64909
68123
65198
11717
56084
64734
64926
64880
14913
14273
68188
56080
18185
68124
68185
30013
15689
107681
10505
17307
68126
23153
68766
56068
10832
16592
15491
67617
56078
71840
56086
12770
56083
15461
87240
16593
16597
12759
53959
68331
56059
99632
30012
63132
78927
99631
17486
63486
64656
12785
11702
22482
67246
64881
11982
86081
56062
56079
64173
64906
68767
19912
83173
63124
86091
86093
63485
64174
68180
22412
56085
68181
19958
107683
68191
16535
68466
56089
68765
13008
14272
11701
19957
30030
64910
64892
17225
66578
19921
17305
30006
56064
68183
17308
22530
11937
67616
19924
58246
15489
16594
30007
64891
10834
15471
64655
56060
17226
18184
56081
64894
19939
15470
68184
56071
99634
14914
64890
68125
107682
41808
11704
64172
56076
107684
30015
12768
14918
67247
19940
11726
64124
56063
10835
30016
65186
14917
19947
68190
56065
82299
86089
68187
11719
56077
65185
19956
64175
68182
30011
56072
68192
12929
56088
19946
56596
12753
56073
107680
56067
19914
14268
62848
64895
56075
10833
19944
64907
86090
86092
12928
56070
14269
19911
63123
15462
65199
56061
86095
58706
99628
18186
63122
86080
56069
56090
19925
14264
107686
14743
11725
86094
18188
56074
17306
81828
58834
17309
68186
72843
11718
12771
67623
30017
68122
56082
11938
19948
14915
15490
10828
13009
64879
19943
82300
19954
10827
58415
64123
67618
58682
64893
56058
30014
63986
65612
Window 3
16009
16010
19920
64911
58379
87239
16598
19938
16596
67622
19945
68189
17310
64908
64176
99633
68465
18187
114520
68332
56066
17487
67621
30029
15688
64905
19923
24580
86096
56087
19955
22532
64171
68121
99635
56001
22531
64909
114327
68123
65198
56084
64734
64926
67624
64880
68188
56080
18185
68124
68185
30013
15689
107681
17307
68126
23153
68766
56068
16592
67628
15491
67617
40232
56078
71840
56086
62840
56083
15461
87240
16593
16597
53959
68331
56059
99632
30012
63132
78927
99631
17486
63486
64656
22482
67246
64881
86081
56062
16595
56079
64173
64906
68767
65611
19912
83173
63124
86091
30005
19922
86093
67620
63485
64174
68180
63131
22412
56085
68181
19958
107683
68191
16535
68466
56089
68765
19957
30030
64910
66883
64892
17225
66578
19921
17305
30006
56064
68183
17308
22530
67616
19924
58246
15489
16594
30007
16631
16632
64891
15471
113474
64655
56060
17226
18184
56081
64894
114329
19939
15470
68184
56071
99634
66054
64890
68125
107682
41808
64172
56076
107684
30015
62849
67247
19940
64124
56063
30016
65186
19947
68190
56065
82299
86089
68187
56077
65185
19956
64175
68182
30011
56072
68192
56088
19946
56596
56073
107680
113150
56067
19914
114270
62848
114519
64895
56075
19944
64907
86090
86092
56070
114328
19911
63123
15462
65199
56061
86095
58706
99628
71841
18186
16600
63122
86080
56069
56090
19925
107686
86094
18188
56074
17306
81828
58834
17309
68186
72843
113464
67623
30017
68122
56082
19948
15490
64879
19943
19954
57624
58415
64123
67618
58682
64893
56058
30014
63986
65612
Window 4
64911
58379
87239
67622
119532
65200
118015
68189
64908
64176
99633
68465
118770
114520
68332
56066
67621
115321
30029
118204
64905
24580
86096
56087
22532
116303
67629
64171
68121
99635
116302
56001
22531
64909
114327
68123
65198
118769
56084
64734
64926
67624
64880
68188
56080
68124
118205
68185
30013
115385
107681
118200
68126
23153
68766
56068
67628
67617
40232
56078
116375
117644
56086
62840
56083
87240
65204
64878
53959
68331
56059
99632
30012
63132
78927
99631
63486
64656
22482
119078
67246
64881
86081
56062
56079
64173
64906
68767
65611
83173
63124
86091
30005
86093
67620
63485
64174
116301
68180
63131
22412
56085
68181
107683
68191
68466
56089
68765
115386
119528
30030
64910
66883
118202
64892
119287
66578
67627
30006
56064
68183
22530
119533
67616
118741
118223
58246
117646
118739
30007
64891
113474
64655
56060
56081
64894
114329
68184
56071
99634
66054
64890
68125
107682
41808
64172
56076
107684
30015
62849
67247
119079
64124
56063
119080
30016
65186
119301
68190
56065
82299
86089
68187
56077
65185
64175
68182
30011
56072
68192
56088
56596
56073
118626
107680
113150
56067
116277
114270
62848
114519
64895
56075
64907
86090
86092
119529
56070
114328
118203
67625
63123
119977
115279
65199
56061
86095
58706
99628
71841
63122
86080
56069
56090
107686
118756
86094
56074
81828
116864
58834
68186
72843
113464
67623
118740
30017
68122
56082
64927
115320
64879
67626
57624
58415
64123
67618
58682
64893
56058
30014
63986
67619
65612
Window 5
64911
58379
87239
123288
67622
119532
65200
123289
118015
68189
64908
64176
99633
68465
118770
123310
114520
68332
56066
122169
67621
115321
123778
30029
123331
118204
64905
86096
56087
116303
67629
64171
123298
123303
68121
99635
116302
56001
123292
64909
114327
68123
65198
118769
56084
64734
64926
67624
64880
68188
56080
68124
118205
123318
68185
30013
123224
123294
115385
123287
107681
118200
68126
122167
68766
56068
120229
123295
123838
67628
67617
40232
56078
116375
117644
56086
122165
62840
56083
87240
65204
64878
53959
68331
123285
56059
99632
30012
63132
123296
123299
78927
99631
63486
64656
123334
119078
120230
67246
64881
86081
56062
29999
56079
64173
64906
68767
65611
83173
63124
86091
121127
30005
86093
67620
123317
63485
64174
68180
63131
56085
68181
123311
107683
68191
123313
68466
56089
68765
123283
115386
119528
30030
64910
118202
123286
123316
64892
119287
66578
67627
121146
30006
56064
68183
123304
119533
121147
67616
122104
118741
118223
58246
123332
121005
117646
118739
30007
64891
113474
64655
56060
56081
64894
123305
68184
56071
123300
99634
123220
123319
66054
64890
68125
122173
107682
41808
123291
64172
56076
107684
30015
62849
67247
119079
64124
56063
121062
119080
30016
65186
119301
120216
68190
56065
82299
123223
120742
86089
68187
56077
65185
64175
123297
123314
68182
121673
30011
56072
68192
122166
56088
56596
120212
56073
118626
122168
107680
113150
56067
121066
116277
121145
114270
62848
114519
64895
123301
120217
56075
64907
86090
86092
119529
56070
123307
114328
118203
67625
123312
63123
119977
115279
65199
56061
86095
123290
122105
58706
99628
71841
63122
122164
86080
56069
56090
107686
118756
86094
56074
81828
116864
120228
58834
68186
123315
122172
122170
72843
113464
67623
118740
30017
68122
56082
123320
121067
123284
64927
115320
123309
123293
123308
64879
67626
123302
57624
58415
64123
123306
67618
58682
64893
56058
30014
63986
67619
65612
Window 6
128318
64911
128189
58379
87239
123288
67622
119532
65200
123289
118015
68189
64908
64176
99633
68465
118770
123310
128078
114520
68332
56066
122169
67621
115321
30029
123331
118204
128204
128316
64905
56087
116303
128086
67629
64171
123298
123303
68121
99635
116302
56001
128201
123292
64909
114327
68123
65198
118769
56084
128093
64734
64926
67624
128188
64880
68188
56080
68124
118205
123318
68185
30013
123224
123294
115385
123287
107681
126231
118200
68126
128083
122167
68766
56068
120229
123295
123838
127175
127164
67628
128074
128435
128085
67617
40232
56078
116375
117644
56086
122165
128080
62840
56083
87240
65204
64878
128091
53959
68331
123285
56059
99632
30012
63132
123296
123299
128090
99631
127168
63486
64656
123334
119078
120230
67246
128322
64881
86081
56062
128323
127160
128092
56079
64173
128066
64906
128205
68767
65611
83173
63124
86091
121127
30005
86093
67620
123317
63485
64174
68180
63131
56085
128094
68181
123311
129451
107683
68191
123313
68466
56089
68765
123283
115386
119528
128319
30030
64910
118202
123286
123316
64892
128065
119287
66578
127176
67627
121146
127156
30006
56064
68183
129450
123304
119533
128082
128076
67616
122104
118741
118223
58246
123332
128203
127189
121005
117646
118739
30007
64891
113474
64655
56060
56081
128310
128089
64894
128202
123305
68184
56071
123300
99634
123220
123319
66054
64890
68125
122173
107682
41808
123291
64172
56076
107684
30015
128088
62849
67247
127170
128321
128434
119079
64124
56063
121062
119080
30016
65186
119301
120216
68190
56065
82299
123223
120742
86089
68187
128022
127169
56077
128084
65185
64175
123297
123314
68182
121673
30011
56072
127173
68192
122166
56088
127190
56596
120212
56073
118626
122168
127177
107680
113150
127162
56067
121066
116277
121145
114270
62848
114519
128077
64895
123301
120217
56075
64907
86092
119529
56070
123307
114328
128081
118203
67625
123312
63123
119977
128320
115279
65199
56061
86095
123290
128317
122105
58706
99628
71841
63122
122164
86080
56069
56090
129680
128073
128191
128079
128190
107686
128087
118756
86094
126232
56074
81828
116864
120228
58834
128064
68186
123315
122172
122170
72843
113464
67623
118740
128095
30017
68122
56082
123320
121067
123284
64927
115320
123309
123293
123308
64879
67626
127184
123302
57624
58415
64123
123306
67618
58682
64893
56058
30014
63986
67619
65612
Window 7
128318
64911
128189
58379
87239
123288
67622
119532
65200
123289
118015
68189
64908
64176
99633
68465
118770
123310
128078
114520
68332
56066
122169
67621
115321
123331
118204
128204
128316
64905
56087
116303
128086
67629
64171
123298
123303
68121
99635
116302
56001
128201
123292
64909
114327
68123
65198
118769
56084
128093
64734
64926
67624
128188
64880
68188
56080
68124
118205
123318
68185
123224
123294
115385
123287
107681
126231
118200
68126
128083
122167
68766
56068
120229
123295
123838
67628
128074
128435
128085
67617
40232
56078
116375
117644
56086
122165
128080
62840
56083
87240
65204
64878
128091
53959
68331
123285
56059
99632
63132
123296
123299
128090
99631
127168
63486
64656
123334
119078
120230
67246
128322
64881
86081
56062
128323
132527
128092
56079
64173
128066
64906
128205
68767
65611
83173
63124
86091
121127
86093
67620
123317
63485
64174
68180
63131
56085
128094
68181
123311
129451
107683
68191
123313
68466
56089
68765
123283
115386
119528
128319
64910
118202
123286
123316
64892
128065
119287
66578
127176
67627
121146
56064
68183
129450
123304
119533
128082
128076
67616
122104
118741
118223
58246
123332
128203
127189
121005
117646
118739
64891
113474
64655
56060
56081
128310
128089
64894
128202
123305
68184
56071
123300
99634
123220
123319
66054
64890
68125
122173
107682
41808
123291
64172
56076
107684
128088
62849
67247
127170
128321
128434
119079
64124
56063
121062
119080
65186
119301
120216
68190
56065
82299
123223
120742
86089
68187
128022
127169
56077
128084
65185
64175
123297
123314
68182
121673
56072
127173
68192
122166
56088
127190
56596
120212
56073
118626
122168
107680
113150
56067
121066
116277
121145
114270
62848
114519
128077
64895
123301
120217
56075
64907
86092
119529
56070
123307
114328
128081
118203
67625
123312
63123
119977
128320
115279
65199
56061
86095
123290
128317
122105
58706
99628
71841
63122
122164
86080
56069
56090
129680
128073
128191
128079
128190
107686
128087
118756
86094
126232
56074
81828
116864
120228
58834
128064
68186
123315
122172
122170
72843
113464
67623
118740
128095
68122
56082
123320
121067
123284
64927
115320
123309
123293
123308
64879
67626
127184
123302
57624
58415
64123
123306
67618
58682
64893
56058
63986
67619
65612
Window 8
128318
64911
128189
58379
87239
67622
119532
65200
118015
68189
64908
64176
99633
68465
118770
128078
114520
68332
122169
67621
115321
123331
118204
128204
128316
64905
116303
128086
67629
64171
68121
99635
116302
56001
128201
64909
114327
68123
65198
118769
128093
64734
64926
67624
128188
64880
68188
68124
118205
68185
123224
115385
107681
126231
118200
68126
128083
122167
68766
120229
123838
67628
128074
128435
128085
67617
40232
116375
117644
122165
128080
62840
87240
65204
64878
128091
53959
68331
99632
63132
128090
99631
127168
63486
64656
123334
119078
120230
67246
128322
64881
86081
128323
132527
128092
64173
128066
64906
128205
68767
65611
83173
63124
86091
121127
86093
67620
63485
64174
68180
63131
128094
68181
129451
107683
68191
68466
68765
115386
119528
128319
64910
118202
64892
128065
119287
66578
127176
67627
121146
139430
68183
129450
119533
128082
128076
67616
122104
118741
118223
58246
123332
128203
127189
121005
117646
118739
64891
113474
64655
128310
128089
64894
128202
68184
99634
123220
123319
66054
64890
68125
122173
107682
41808
64172
107684
128088
62849
67247
127170
128321
128434
119079
64124
121062
119080
65186
119301
120216
68190
123223
120742
86089
68187
128022
127169
128084
65185
64175
68182
121673
127173
68192
122166
127190
56596
120212
118626
122168
107680
113150
121066
116277
121145
114270
62848
114519
128077
64895
120217
64907
86092
119529
114328
128081
118203
67625
139337
63123
137038
119977
128320
115279
65199
86095
128317
122105
58706
99628
71841
63122
122164
86080
56090
129680
128073
128191
128079
128190
107686
128087
118756
86094
126232
81828
116864
120228
58834
128064
68186
122172
122170
72843
113464
67623
118740
128095
68122
123320
121067
64927
115320
135749
64879
67626
127184
57624
58415
64123
67618
58682
64893
63986
67619
65612
Window 9
128318
64911
128189
58379
87239
67622
119532
65200
118015
68189
64908
64176
99633
68465
118770
128078
114520
68332
122169
67621
115321
123331
118204
128204
128316
107685
64905
116303
128086
67629
64171
68121
99635
116302
56001
128201
64909
114327
68123
65198
118769
128093
64734
64926
67624
128188
64880
68188
68124
118205
68185
123224
115385
107681
126231
118200
68126
128083
122167
68766
120229
123838
67628
128074
128435
128085
67617
116375
117644
122165
128080
62840
87240
65204
64878
128091
53959
68331
99632
63132
128090
99631
127168
63486
64656
123334
119078
120230
67246
128322
64881
143783
86081
128323
132527
128092
64173
128066
64906
68767
65611
83173
63124
86091
121127
86093
67620
63485
64174
144164
68180
63131
128094
68181
129451
107683
68191
68466
68765
144994
115386
119528
128319
64910
118202
64892
128065
119287
66578
127176
67627
121146
139430
68183
129450
119533
143530
128082
128076
67616
122104
118741
118223
58246
123332
128203
127189
121005
117646
118739
64891
113474
64655
128310
128089
64894
128202
68184
99634
123220
123319
66054
64890
68125
122173
107682
64172
107684
128088
62849
67247
127170
128321
128434
119079
64124
121062
119080
65186
119301
120216
68190
123223
120742
86089
68187
128022
127169
128084
65185
64175
68182
121673
127173
143529
68192
122166
127190
56596
120212
118626
122168
107680
113150
121066
116277
121145
114270
62848
114519
128077
64895
120217
64907
86092
119529
114328
128081
118203
67625
139337
63123
137038
119977
128320
115279
65199
143782
86095
128317
122105
58706
99628
71841
63122
122164
86080
56090
129680
128073
128191
128079
128190
107686
128087
118756
86094
126232
81828
116864
120228
58834
128064
68186
122172
122170
72843
113464
67623
118740
128095
68122
123320
121067
64927
115320
135749
64879
67626
127184
57624
58415
64123
67618
58682
64893
63986
67619
65612
