Window 0
12739
45645
39705
53380
96630
17505
10463
95216
96636
12932
46347
61795
93726
26331
31305
70663
7346
95218
3811
51955
98135
11262
70373
31900
52060
40609
98144
40600
3805
40848
86315
52051
13277
96651
10395
12734
12735
90962
3947
11442
35851
41687
81869
80159
1042
93720
39880
19778
17508
19022
53496
70372
96633
12910
40596
941
1044
10460
62182
17497
17506
27040
460
29927
40645
40641
92228
3804
40599
51728
70697
11445
3943
98141
20353
44325
70718
20971
10452
3940
10456
51858
70374
17512
18947
81900
19737
29941
76220
51949
51723
51952
81896
80927
70680
76218
81493
98174
35661
45646
13230
11427
40525
52055
70642
19876
18960
51715
91899
17507
70626
92204
3814
96644
92216
77901
40688
93738
18112
52037
35653
70672
17564
50012
12914
45600
96631
17510
13264
17495
51953
53497
93737
93734
34758
63635
98140
96646
91053
13219
17517
51629
52047
36899
52052
94409
41749
11259
12933
52062
39863
10453
97289
1041
50525
67089
50172
50159
45655
95261
19724
70381
80932
12924
71937
91905
96655
70671
91977
40646
41716
94406
18954
53503
96616
52072
81904
90943
13605
51631
98134
12729
11260
51963
51630
60326
53460
61592
50174
50602
70677
12916
55742
18953
95256
35658
37575
65916
11261
53454
3942
8881
12808
81723
10052
37389
81858
8327
51716
12731
51846
51959
31904
81901
13222
13229
3941
34720
41731
53501
35629
39919
45644
60900
4499
80940
94408
73565
96613
70376
3802
91159
51636
11263
52068
40715
29967
31550
61406
53504
52053
12726
51956
60859
78059
12691
12686
76224
50514
94881
91228
92210
98143
10464
26334
19721
41432
81492
96652
76214
93710
50160
29928
45654
72094
3803
70659
51939
81805
35667
96650
71888
83714
95259
49999
96637
92219
98177
52056
60899
91896
91054
96638
18955
45942
91155
51954
52058
12728
35662
39795
53370
92213
9457
96640
31539
94404
93733
95228
96641
31902
52049
46063
52063
16804
17550
70634
51701
48488
11428
12929
70384
96677
71935
96645
70687
92265
52070
34768
1053
13226
7363
40696
11255
40834
96649
26332
76216
940
3008
92247
31913
40183
95328
81941
51935
7362
40605
40638
18964
91847
92231
81899
28979
95262
52057
51717
92222
76217
11294
48329
10454
11453
37578
17513
40551
18952
12670
55645
98179
18899
11423
92266
3820
10398
10606
19740
45648
52043
81907
92250
92392
3945
48502
51724
12650
52027
60313
31747
40509
26341
39942
50002
52041
52064
52059
91902
76223
96639
13228
18907
93719
92191
41685
11446
12915
51721
61607
70379
74430
93711
10389
77872
31560
11252
12819
70684
81972
11256
96668
39929
53500
80146
12926
45934
50009
52054
53499
12917
27117
95260
86689
29955
81928
81724
40639
19722
83792
1051
51961
81898
12680
34762
76219
19717
81895
52061
50524
51962
52031
51942
40640
44342
76222
26343
91055
76303
96671
96617
50230
10401
31551
96528
96615
19716
95258
44353
11251
90951
938
45647
17516
3827
45642
3944
10462
12730
73554
51964
70378
76290
81491
98137
3006
81934
11424
98146
51725
12826
34760
18959
77903
81903
90957
98145
12920
13227
3806
18950
31548
27130
78074
45941
98133
50526
61636
40850
35648
3946
12649
51842
92207
31783
39876
70669
92239
39940
19718
40615
50156
12732
81902
52044
70696
30369
52033
3823
51710
3007
8308
96611
92234
49974
40654
70693
71023
51720
96662
51722
61637
52071
70681
52028
19020
98172
60851
41680
81894
10455
96555
3815
90959
18949
19789
76215
53458
52069
96529
45651
17496
51951
40664
98138
50511
52066
50512
50005
52032
12733
12744
52065
17580
95257
44356
29919
35664
51950
81766
70653
49995
10112
31784
92237
3812
52038
94867
10465
44090
60609
80785
88693
53495
59338
10375
92241
51958
17494
18951
34769
18787
19031
86702
29952
96643
98171
13221
40853
12683
60853
20242
3807
80113
91897
11425
19734
40644
11253
52025
97998
81722
92225
34775
98136
51960
31729
14603
51957
40631
71943
11426
18958
45653
11422
50513
92201
92244
97288
95253
26333
70972
91138
3810
98156
92255
98170
34764
12747
50157
70630
96634
51945
52046
70690
91150
98169
1054
41677
35638
31439
52029
20277
17509
39794
77990
98167
12934
98142
12653
76221
31766
76690
11440
70686
39889
37589
11258
52050
3948
45564
12892
96726
10392
70380
464
91845
19741
40701
41683
70984
45650
3010
11254
52042
53498
40618
91836
39882
96614
21
61628
11429
18957
70645
12901
45939
939
96635
20386
34765
45935
6710
13224
10391
11257
41690
52114
70665
2995
7361
77887
6712
70383
96642
91967
81721
81802
10390
18956
44345
86611
31728
40624
93712
12742
18800
70385
12887
96632
18948
44102
98139
70632
14600
92253
53487
35659
52035
80929
31721
41689
70974
Window 1
12739
45645
39705
53380
96630
17505
10463
95216
96636
12932
46347
61795
93726
26331
31305
70663
7346
95218
51955
98135
11262
70373
31900
52060
40609
98144
40600
40848
86315
52051
13277
96651
10395
12734
12735
90962
11442
35851
41687
81869
80159
93720
39880
19778
17508
19022
53496
70372
96633
12910
40596
10460
62182
17497
17506
27040
29927
40645
40641
92228
40599
51728
60902
70697
11445
98141
26336
20353
44325
70718
20971
10452
10456
51858
70374
17512
18947
81900
19737
29941
76220
51949
51723
51952
81896
80927
70680
76218
81493
98174
35661
45646
13230
11427
60861
40525
52055
70642
96647
19876
18960
51715
91899
17507
70626
92204
96644
92216
77901
40688
93738
18112
52037
35653
70672
17564
50012
12914
45600
96631
17510
13264
17495
51953
53497
93737
93734
34758
63635
98140
96646
91053
13219
17517
51629
26338
52047
36899
52052
94409
41749
11259
12933
52062
39863
10453
97289
50525
67089
50172
50159
45655
95261
19724
70381
80932
12924
71937
91905
96655
70671
91977
40646
41716
94406
18954
53503
96616
52072
81904
90943
13605
51631
98134
12729
11260
51963
51630
60326
53460
61592
50174
50602
70677
12916
55742
18953
95256
35658
37575
65916
11261
53454
8881
12808
81723
10052
37389
81858
8327
51716
12731
51846
51959
31904
81901
13222
13229
34720
96648
41731
53501
35629
39919
45644
60900
80940
34804
94408
73565
96613
70376
91159
51636
11263
52068
40715
29967
31550
61406
53504
52053
12726
51956
60859
60860
78059
53489
12691
12686
76224
53488
50514
94881
91228
92210
98143
10464
26334
19721
41432
81492
96652
41437
76214
93710
50160
29928
45654
72094
70659
51939
81805
35667
96650
71888
83714
95259
49999
96637
92219
98177
52056
60899
91896
91054
96638
18955
45942
91155
51954
52058
12728
35662
39795
53370
92213
9457
96640
31539
94404
93733
95228
96641
31902
52049
46063
52063
16804
17550
70634
51701
48488
11428
12929
70384
96677
71935
96645
70687
96654
92265
52070
34768
13226
7363
40696
11255
40834
96649
26332
76216
92247
31913
40183
95328
81941
51935
7362
40605
40638
18964
91847
92231
81899
28979
95262
52057
51717
92222
76217
11294
48329
10454
11453
37578
17513
40551
18952
12670
55645
98179
18899
11423
92266
10398
10606
19740
45648
52043
81907
92250
92392
48502
51724
12650
52027
60313
31747
40509
26341
39942
50002
52041
52064
34802
52059
91902
76223
96639
13228
18907
93719
92191
41685
11446
12915
51721
61607
70379
74430
93711
10389
77872
31560
11252
12819
70684
81972
11256
96668
39929
53500
80146
12926
45934
50009
52054
53499
12917
27117
95260
86689
12814
29955
81928
13634
81724
40639
19722
83792
51961
81898
12680
34762
76219
19717
81895
52061
50524
51962
52031
51942
40640
44342
76222
26343
91055
76303
96671
96617
50230
10401
31551
96528
96615
19716
95258
44353
11251
90951
45647
17516
45642
10462
12730
73554
51964
70378
76290
81491
98137
81934
11424
98146
51725
12826
34760
18959
77903
81903
90957
98145
12920
13227
26335
18950
31548
27130
78074
45941
98133
50526
61636
40850
35648
12649
51842
92207
31783
39876
70669
92239
39940
19718
40615
50156
12732
81902
52044
70696
30369
52033
51710
26337
8308
96611
92234
49974
40654
70693
71023
51720
96662
51722
61637
52071
70681
52028
19020
98172
60851
41680
81894
10455
96555
90959
18949
19789
76215
53458
52069
96529
45651
17496
51951
40664
98138
50511
52066
50512
50005
17632
52032
12733
12744
52065
17580
95257
44356
29919
35664
51950
81766
70653
49995
10112
31784
92237
52038
94867
10465
44090
60609
80785
88693
53495
59338
10375
92241
51958
17494
18951
34769
18787
19031
86702
29952
96643
98171
13221
40853
12683
60853
20242
80113
91897
11425
19734
40644
11253
52025
97998
81722
92225
34775
98136
51960
31729
14603
51957
40631
71943
11426
18958
45653
11422
50513
92201
92244
97288
40716
95253
26333
70972
91138
98156
92255
98170
34764
12747
50157
70630
96634
51945
52046
70690
91150
98169
41677
35638
31439
52029
20277
17509
39794
77990
98167
12934
98142
12653
76221
31766
76690
11440
70686
39889
37589
11258
52050
45564
41434
12892
96726
10392
70380
91845
19741
40701
41683
70984
45650
11254
52042
53498
40618
91836
39882
96614
61628
11429
18957
70645
12901
45939
96635
20386
34765
45935
6710
13224
10391
11257
41690
52114
70665
7361
77887
6712
70383
96642
91967
81721
81802
10390
18956
44345
86611
31728
40624
93712
12742
18800
70385
12887
96632
18948
44102
98139
70632
85208
14600
92253
53487
35659
52035
80929
31721
41689
70974
Window 2
12739
45645
39705
53380
96630
17505
10463
95216
96636
12932
46347
61795
93726
26331
31305
70663
95218
51955
98135
11262
70373
31900
52060
40609
98144
40600
40848
86315
52051
13277
96651
10395
12734
12735
90962
11442
35851
41687
81869
80159
93720
39880
19778
17508
19022
53496
70372
96633
12910
40596
10460
62182
17497
17506
27040
29927
40645
40641
92228
40599
29929
51728
60902
70697
11445
98141
26336
20353
44325
70718
20971
10452
10456
51858
70374
17512
18947
81900
19737
29941
76220
51949
51723
51952
81896
80927
70680
76218
81493
98174
35661
45646
13230
11427
60861
40525
52055
70642
96647
19876
18960
51715
91899
17507
70626
92204
96644
92216
77901
40688
93738
18112
52037
35653
70672
17564
50012
12914
45600
96631
17510
13264
17495
51953
53497
93737
93734
34758
63635
98140
96646
91053
13219
17517
51629
26338
52047
36899
52052
94409
41749
11259
12933
52062
39863
10453
97289
50525
67089
50172
50159
45655
95261
19724
70381
80932
12924
71937
91905
96655
70671
91977
40646
41716
94406
18954
53503
96616
52072
81904
90943
13605
51631
98134
12729
40610
11260
51963
51630
60326
53460
61592
50174
50602
70677
12916
55742
18953
95256
35658
37575
65916
11261
53454
12808
81723
10052
37389
81858
51716
12731
51846
51959
31904
81901
13222
13229
34720
96648
41731
53501
35629
39919
45644
60900
80940
34804
94408
73565
96613
70376
91159
51636
11263
52068
40715
29967
31550
61406
53504
52053
12726
51956
60859
60860
78059
53489
12691
12686
76224
53488
50514
94881
91228
92210
98143
10464
26334
19721
41432
81492
96652
41437
76214
93710
50160
29928
45654
72094
70659
51939
41697
81805
35667
96650
71888
83714
95259
49999
96637
92219
98177
52056
60899
91896
91054
96638
18955
45942
91155
51954
52058
12728
35662
39795
53370
92213
96640
31539
94404
93733
95228
96641
31902
52049
46063
52063
16804
17550
70634
51701
48488
11428
12929
70384
96677
71935
96645
70687
96654
92265
52070
34768
13226
18111
40696
11255
40834
96649
26332
76216
92247
31913
40183
95328
81941
51935
40605
40638
18964
91847
92231
81899
81816
28979
95262
52057
51717
92222
76217
11294
48329
10454
11453
37578
17513
40551
18952
12670
55645
98179
18899
11423
92266
10398
10606
19740
45648
52043
81907
92250
92392
48502
51724
12650
52027
60313
31747
40509
26341
39942
50002
52041
52064
34802
52059
91902
76223
96639
13228
18907
93719
92191
41685
11446
12915
51721
61607
70379
74430
93711
10389
77872
31560
11252
12819
70684
81972
11256
96668
39929
53500
80146
12926
45934
50009
52054
53499
12917
27117
95260
86689
12814
29955
81928
13634
81724
40639
19722
83792
51961
81898
12680
34762
76219
19717
81895
52061
50524
51962
52031
51942
40640
44342
76222
26343
91055
76303
96671
96617
50230
10401
31551
96528
96615
19716
95258
44353
11251
90951
45647
17516
45642
10462
12730
73554
51964
70378
76290
81491
98137
81934
11424
98146
51725
12826
34760
18959
77903
81903
90957
98145
12920
13227
26335
18950
31548
27130
78074
45941
98133
50526
61636
40850
35648
12649
51842
92207
31783
39876
70669
92239
39940
19718
40615
50156
12732
81902
52044
70696
30369
52033
51710
26337
96611
92234
49974
40654
70693
71023
51720
96662
51722
61637
52071
70681
52028
19020
98172
60851
41680
81894
10455
96555
90959
18949
19789
76215
53458
52069
96529
45651
17496
51951
40664
98138
50511
52066
50512
50005
17632
52032
12733
12744
52065
17580
95257
44356
29919
35664
51950
81766
70653
49995
10112
31784
92237
52038
94867
10465
44090
60609
80785
88693
53495
59338
10375
92241
51958
17494
18951
34769
18787
19031
86702
29952
96643
98171
13221
40853
12683
60853
20242
80113
91897
11425
19734
40644
11253
52025
97998
81722
92225
34775
98136
51960
31729
14603
51957
40631
71943
11426
18958
45653
11422
50513
92201
92244
97288
40716
95253
26333
70972
91138
98156
92255
98170
34764
12747
50157
70630
96634
51945
52046
70690
91150
98169
41677
35638
31439
52029
20277
17509
39794
77990
98167
12934
98142
12653
76221
31766
76690
11440
70686
39889
37589
11258
52050
45564
41434
12892
96726
10392
70380
91845
19741
40701
41683
70984
45650
11254
52042
53498
40618
91836
39882
96614
61628
11429
18957
70645
12901
45939
96635
20386
34765
45935
13224
10391
11257
41690
52114
70665
77887
70383
96642
91967
81721
81802
10390
18956
44345
86611
31728
40624
93712
12742
18800
70385
12887
96632
18948
44102
98139
70632
85208
14600
92253
53487
35659
52035
80929
31721
41689
70974
Window 3
45645
39705
53380
96630
17505
113734
95216
96636
113864
46347
61795
93726
113590
113934
26331
113970
31305
70663
95218
51955
98135
70373
31900
52060
40609
98144
40600
40848
86315
52051
113877
96651
90962
35851
41687
81869
80159
70981
93720
39880
113711
19778
112454
17508
53496
70372
96633
113593
40596
62182
17506
27040
29927
40645
40641
92228
40599
29929
51728
113875
60902
70697
98141
26336
20353
44325
70718
113817
113873
20971
113962
51858
70374
17512
18947
81900
19737
29941
81986
112438
76220
51949
51723
51952
81896
80927
70680
76218
81493
98174
35661
45646
40525
113727
52055
70642
19876
113716
18960
51715
91899
113965
17507
92204
96644
92216
77901
40688
93738
18112
113885
52037
35653
70672
17564
50012
45600
96631
17510
113723
113730
17495
51953
53497
93737
113597
93734
34758
63635
98140
96646
113933
91053
113940
17517
51629
112285
52047
36899
52052
59352
112436
94409
41749
112439
52062
39863
97289
50525
67089
50172
50159
45655
95261
113893
19724
70381
80932
71937
112441
91905
113867
70671
91977
40646
41716
94406
113600
113923
18954
53503
96616
52072
81904
90943
112428
51631
98134
40610
51963
51630
60326
53460
61592
50174
113595
50602
70677
55742
18953
95256
35658
37575
65916
53454
113818
113971
113717
81723
37389
81858
51716
51846
51959
31904
81901
112338
34720
41731
70982
53501
35629
39919
45644
60900
80940
94408
73565
70376
91159
51636
113815
113879
113726
52068
40715
31550
61406
52053
113816
40860
51956
60859
60860
78059
76224
50514
94881
91228
92210
98143
26334
19721
81492
96652
76214
113922
93710
50160
29928
45654
72094
70977
70659
51939
113863
55952
113141
81805
35667
112456
70980
96650
71888
83714
95259
52090
49999
96637
92219
98177
52056
60899
91896
91054
96638
18955
45942
91155
51954
52058
35662
39795
53370
92213
96640
31539
94404
93733
95228
113715
96641
31902
113898
52049
46063
52063
113900
16804
17550
70634
51701
113884
48488
70384
96677
71935
96645
70687
92265
52070
81386
34768
18111
40696
40834
26332
76216
92247
113961
31913
40183
95328
81941
113865
51935
40605
40638
18964
91847
92231
81899
81816
112562
28979
95262
52057
113692
113872
51717
92222
76217
48329
37578
70973
49814
17513
40551
112337
112442
18952
55645
18899
113140
92266
19740
113869
45648
52043
81907
92250
92392
48502
51724
52027
60313
40539
31747
26341
39942
50002
52041
52064
112440
52059
91902
76223
96639
113591
18907
93719
92191
41685
112443
51721
61607
70379
74430
93711
77872
31560
70684
81972
96668
39929
113964
53500
80146
113894
45934
50009
52054
53499
27117
95260
113939
86689
29955
81928
80996
81724
40639
19722
83792
51961
81898
34762
76219
19717
81895
113876
113924
44181
52061
50524
113930
51962
52031
51942
40640
44342
113725
76222
26343
91055
76303
96671
96617
50230
31551
96528
96615
19716
95258
44353
90951
52113
45647
113887
17516
45642
113150
73554
51964
70378
76290
112378
81491
98137
81934
98146
51725
34760
113596
18959
77903
81903
90957
98145
18950
31548
113928
27130
113878
78074
113145
113733
45941
98133
113866
50526
61636
40850
113747
35648
51842
92207
31783
39876
70669
92239
39940
19718
40604
40615
50156
81902
52044
70696
30369
52033
40184
113871
112308
113729
51710
113731
96611
92234
113932
49974
40654
70693
71023
113148
51720
96662
51722
61637
52071
70681
52028
19020
52127
98172
60851
41680
113927
81894
113929
96555
90959
18949
113886
76215
53458
96529
45651
51951
40664
98138
50511
52066
50512
112563
113146
50005
17632
113935
112379
113936
52032
113587
52065
17580
95257
44356
29919
35664
51950
81766
70653
49995
31784
92237
52038
112566
94867
94535
113149
44090
88693
53495
59338
92241
51958
17494
18951
34769
18787
19031
86702
29952
96643
98171
113724
40853
60853
20242
80113
91897
19734
40644
52025
97998
113870
81722
92225
34775
98136
51960
31729
51957
40631
71943
18958
70978
113732
45653
50513
92201
92244
97288
113728
70979
40716
95253
113926
26333
70972
91138
98156
92255
98170
112564
34764
50157
70630
96634
51945
52046
70690
91150
98169
113737
113139
113594
113963
41677
35638
31439
52029
20277
17509
39794
77990
98167
98142
76221
31766
76690
70686
39889
37589
112377
52050
45564
112437
96726
70380
91845
113897
113937
19741
40701
41683
70984
45650
113713
113891
52042
53498
40618
91836
113868
39882
96614
61628
18957
70645
45939
96635
20386
113899
113592
41690
52114
70665
77887
70383
96642
91967
81721
81802
113931
18956
44345
86611
31728
40624
93712
113925
18800
70385
96632
18948
44102
98139
70632
113892
92253
53487
35659
52035
80929
31721
113137
41689
70974
Window 4
45645
39705
53380
96630
113734
95216
118206
96636
113864
46347
61795
93726
113590
113934
26331
113970
31305
70663
95218
51955
98135
70373
31900
52060
40609
98144
40600
40848
86315
52051
113877
96651
90962
35851
41687
81869
80159
70981
93720
39880
113711
112454
53496
70372
96633
113593
70377
40596
62182
27040
29927
40645
40641
92228
40599
29929
51728
113875
60902
70697
98141
26336
20353
44325
70718
113817
113873
20971
113962
51858
70374
81900
29941
81986
112438
76220
51949
51723
51952
81896
80927
70680
76218
81493
98174
35661
45646
40525
113727
52055
70642
118172
113716
51715
91899
113965
92204
96644
92216
77901
40688
93738
113885
52037
35653
70672
50012
45600
96631
113723
113730
51953
53497
93737
113597
93734
116720
118178
34758
63635
98140
96646
113933
118185
91053
113940
51629
112285
52047
36899
52052
59352
112436
94409
41749
112439
52062
39863
97289
50525
67089
118256
50172
50159
45655
95261
113893
70381
80932
71937
112441
118171
91905
113867
70671
91977
40646
41716
94406
113600
113923
53503
96616
52072
81904
90943
112428
51631
98134
40610
51963
51630
60326
53460
61592
118215
50174
113595
50602
70677
55742
95256
35658
37575
118878
65916
53454
113818
113971
113717
81723
37389
81858
51716
51846
51959
31904
81901
112338
34720
41731
70982
53501
35629
39919
45644
60900
80940
94408
73565
70376
91159
51636
113815
113879
113726
52068
40715
31550
61406
52053
113816
40860
51956
60859
60860
78059
76224
50514
94881
91228
92210
98143
26334
81492
96652
76214
113922
93710
50160
29928
45654
72094
70977
70659
51939
113863
113141
81805
35667
112456
70980
96650
71888
83714
95259
52090
49999
96637
92219
52056
60899
91896
91054
96638
35657
45942
91155
51954
52058
35662
39795
53370
92213
96640
31539
94404
93733
95228
113715
96641
31902
113898
52049
52063
113900
70634
51701
113884
70384
96677
71935
96645
70687
92265
52070
81386
34768
40696
40834
26332
76216
92247
113961
31913
40183
95328
81941
113865
51935
40605
40638
91847
92231
81899
81816
112562
28979
95262
52057
113692
113872
51717
92222
76217
48329
37578
70973
49814
40551
112337
112442
55645
113140
92266
113869
45648
52043
81907
92250
92392
48502
51724
52027
60313
40539
31747
26341
39942
50002
52041
52064
112440
52059
91902
76223
96639
113591
93719
92191
41685
112443
51721
61607
70379
74430
93711
77872
31560
70684
81972
96668
39929
70382
113964
118174
53500
80146
113894
118175
45934
50009
52054
53499
27117
95260
113939
86689
29955
81928
80996
86252
81724
40639
83792
51961
81898
118212
34762
76219
81895
113876
113924
44181
52061
50524
113930
51962
52031
51942
40640
44342
113725
76222
26343
91055
76303
96671
96617
50230
31551
96528
118169
118191
96615
95258
44353
90951
52113
45647
113887
118168
45642
113150
73554
118179
118254
51964
70378
76290
112378
81491
98137
81934
98146
51725
34760
113596
77903
81903
90957
98145
118177
118173
31548
113928
27130
113878
78074
113145
113733
45941
98133
113866
50526
61636
40850
113747
35648
51842
92207
31783
39876
70669
92239
39940
40604
40615
50156
118182
81902
52044
70696
30369
52033
40184
113871
112308
113729
51710
113731
92234
113932
49974
40654
70693
71023
113148
51720
96662
51722
61637
52071
70681
52028
52127
98172
60851
41680
113927
81894
113929
96555
90959
113886
76215
53458
96529
45651
51951
40664
98138
50511
52066
50512
112563
113146
50005
113935
112379
113936
52032
113587
52065
95257
44356
29919
35664
51950
81766
70653
49995
31784
92237
52038
112566
94867
94535
113149
44090
88693
53495
59338
92241
51958
34769
86702
29952
96643
113724
40853
60853
20242
80113
91897
118199
40644
52025
97998
113870
81722
92225
34775
98136
51960
31729
51957
40631
34771
71943
70978
113732
45653
50513
92201
92244
97288
113728
113142
70979
40716
95253
113926
26333
70972
91138
98156
92255
112564
34764
50157
70630
96634
118170
51945
52046
70690
91150
98169
113737
113139
113594
113963
112556
41677
35638
31439
52029
118195
20277
39794
77990
98167
98142
76221
31766
76690
70686
39889
37589
112377
52050
45564
112437
96726
70380
91845
113897
113937
40701
41683
70984
45650
113713
113891
52042
53498
40618
91836
113868
39882
96614
61628
70645
45939
96635
20386
34765
45935
113899
113592
41690
52114
70665
77887
70383
96642
91967
81721
81802
113931
44345
86611
31728
40624
93712
113925
70385
96632
44102
118176
98139
70632
113892
92253
53487
118208
35659
52035
80929
31721
113137
41689
70974
Window 5
45645
39705
53380
96630
113734
95216
118206
96636
113864
46347
61795
93726
113590
113934
26331
113970
31305
70663
95218
51955
98135
70373
31900
52060
40609
98144
40600
40848
86315
52051
113877
96651
122305
90962
35851
41687
81869
80159
70981
93720
39880
113711
112454
53496
70372
96633
113593
70377
40596
120569
62182
27040
29927
40645
40641
92228
40599
29929
121209
51728
113875
70697
98141
26336
44325
70718
113817
113873
122299
113962
51858
70374
81900
29941
81986
112438
76220
51949
51723
51952
81896
80927
70680
76218
81493
98174
35661
45646
121272
122295
40525
113727
52055
70642
118172
113716
51715
91899
113965
70626
92204
96644
92216
77901
40688
93738
113885
52037
122341
35653
70672
120861
50012
40635
45600
96631
113723
113730
51953
53497
93737
113597
93734
116720
118178
34758
63635
98140
96646
113933
118185
91053
113940
51629
112285
52047
120848
36899
52052
112436
94409
41749
112439
52062
39863
97289
50525
67089
118256
50172
50159
45655
95261
113893
70381
80932
71937
112441
118171
91905
113867
70671
91977
40646
41716
94406
113600
120878
113923
53503
96616
52072
81904
90943
112428
51631
98134
40610
51963
51630
60326
53460
61592
118215
50174
113595
50602
70677
55742
95256
35658
37575
118878
65916
53454
113818
113971
113717
81723
37389
81858
51716
51846
51959
31904
81901
112338
34720
41731
70982
53501
35629
39919
45644
60900
122307
80940
94408
122146
73565
70376
91159
51636
113815
113879
113726
52068
122500
40715
122304
31550
61406
52053
113816
51956
60859
60860
78059
76224
50514
94881
91228
92210
98143
26334
81492
96652
76214
113922
93710
50160
29928
45654
72094
70977
70659
51939
113863
113141
81805
35667
112456
70980
96650
83714
95259
52090
49999
96637
92219
52056
60899
91896
91054
96638
35657
45942
91155
51954
52058
35662
39795
53370
92213
96640
31539
94404
93733
95228
113715
96641
31902
113898
52049
52063
113900
70634
51701
113884
70384
96677
71935
96645
70687
92265
52070
81386
34768
40696
40834
26332
76216
92247
113961
31913
40183
95328
81941
113865
51935
40605
40638
91847
92231
81899
81816
112562
28979
95262
52057
113692
113872
51717
92222
76217
122148
48329
37578
70973
49814
40551
112337
112442
55645
52012
113140
92266
113869
45648
52043
81907
92250
122104
92392
122301
51724
52027
60313
31747
26341
122308
39942
50002
52041
52064
112440
122509
52059
91902
76223
96639
113591
93719
92191
41685
112443
51721
61607
70379
74430
93711
77872
31560
70684
81972
96668
39929
113964
118174
124100
53500
80146
113894
118175
45934
50009
52054
122294
53499
27117
95260
113939
86689
29955
81928
80996
81724
40639
122296
83792
51961
81898
118212
34762
76219
81895
113876
113924
44181
52061
50524
113930
51962
52031
51942
40640
44342
113725
76222
26343
91055
76303
122152
96671
96617
31551
96528
118169
118191
96615
95258
122298
44353
90951
52113
45647
113887
118168
45642
113150
73554
118179
118254
51964
70378
122297
76290
112378
81491
98137
81934
98146
51725
34760
121214
113596
77903
81903
90957
98145
122112
118177
118173
31548
113928
27130
113878
122302
78074
113145
113733
45941
98133
113866
50526
61636
40850
113747
35648
51842
92207
31783
39876
70669
92239
39940
40604
40615
50156
118182
81902
52044
70696
30369
52033
120849
113871
112308
113729
51710
113731
113932
49974
40654
70693
71023
113148
51720
96662
51722
61637
52071
70681
52028
52127
98172
60851
41680
113927
81894
113929
90959
113886
76215
53458
96529
45651
51951
40664
98138
50511
50512
112563
113146
50005
113935
112379
122306
113936
52032
113587
52065
95257
44356
29919
35664
51950
70653
49995
31784
92237
52038
112566
94867
94535
113149
44090
88693
53495
59338
92241
51958
34769
86702
29952
96643
113724
121206
40853
60853
80113
91897
118199
40644
52025
97998
113870
81722
92225
34775
98136
122300
51960
31729
51957
40631
34771
71943
70978
113732
45653
50513
92201
92244
97288
113728
113142
70979
40716
95253
113926
26333
70972
91138
98156
92255
112564
34764
50157
70630
96634
122303
118170
51945
52046
70690
98169
113737
113139
113594
113963
112556
41677
35638
31439
52029
118195
39794
77990
98167
98142
76221
31766
76690
70686
120566
39889
37589
112377
52050
45564
112437
96726
70380
91845
113897
113937
40701
41683
70984
45650
113713
113891
52042
53498
40618
91836
113868
39882
96614
61628
70645
45939
96635
34765
45935
113899
113592
41690
52114
70665
77887
70383
96642
91967
81721
81802
113931
44345
86611
31728
40624
93712
113925
70385
96632
44102
118176
98139
70632
113892
92253
53487
118208
35659
52035
80929
31721
113137
41689
70974
Window 6
45645
39705
53380
96630
113734
95216
118206
96636
113864
46347
61795
93726
113590
113934
113970
31305
70663
129720
95218
51955
98135
70373
31900
52060
40609
98144
125411
40600
40848
86315
52051
113877
96651
122305
90962
35851
41687
81869
80159
70981
93720
39880
113711
112454
53496
70372
96633
113593
70377
40596
120569
62182
125419
40645
40641
92228
40599
121209
51728
113875
70697
98141
44325
70718
113817
113873
122299
113962
51858
70374
81900
125378
112438
76220
51949
51723
51952
81896
80927
70680
76218
81493
98174
35661
45646
121272
122295
60861
40525
113727
52055
70642
113716
51715
91899
113965
70626
92204
96644
92216
125376
77901
40688
93738
113885
52037
122341
35653
70672
120861
50012
125409
40635
45600
96631
113723
113730
126844
51953
53497
93737
113597
93734
116720
118178
34758
63635
98140
96646
113933
118185
91053
113940
51629
112285
52047
120848
36899
52052
112436
94409
41749
112439
52062
39863
97289
50525
67089
118256
50172
50159
45655
113893
70381
125372
80932
71937
112441
91905
113867
70671
91977
40646
41716
94406
113600
120878
113923
53503
96616
52072
81904
90943
112428
51631
98134
40610
51963
51630
60326
53460
61592
118215
50174
113595
50602
70677
55742
95256
35658
37575
118878
65916
53454
113818
113971
113717
81723
126964
37389
81858
51716
125389
51846
51959
31904
81901
125414
112338
34720
41731
70982
53501
35629
39919
45644
122307
80940
94408
122146
73565
70376
91159
51636
113815
113879
113726
52068
122500
40715
122304
125367
31550
61406
52053
113816
51956
60859
60860
78059
76224
50514
94881
91228
92210
98143
81492
96652
125448
125445
76214
113922
93710
50160
45654
72094
70977
70659
51939
113863
113141
81805
35667
112456
70980
96650
83714
95259
52090
49999
96637
92219
52056
60899
91896
91054
96638
35657
45942
91155
51954
52058
35662
39795
53370
92213
96640
31539
94404
93733
95228
113715
96641
125410
31902
113898
52049
46063
52063
113900
70634
51701
113884
70384
96677
71935
96645
127055
70687
92265
52070
81386
34768
40696
40834
76216
92247
113961
31913
40183
125454
95328
81941
113865
51935
40605
40638
91847
92231
81899
81816
112562
125375
95262
52057
113692
113872
51717
92222
76217
122148
48329
126594
37578
70973
49814
40551
112337
112442
125374
55645
52012
113140
92266
113869
45648
52043
81907
92250
122104
92392
48502
122301
51724
52027
60313
31747
40509
125377
122308
39942
50002
52041
52064
112440
122509
52059
91902
76223
96639
113591
93719
92191
41685
112443
51721
61607
70379
74430
93711
77872
31560
70684
81972
96668
39929
125416
113964
118174
124100
53500
80146
113894
118175
45934
50009
52054
122294
53499
95260
113939
86689
81928
80996
86252
81724
40639
122296
83792
51961
81898
118212
34762
76219
81895
113876
113924
52061
50524
113930
51962
52031
51942
125451
40640
44342
113725
76222
91055
76303
122152
96671
96617
31551
96528
118169
118191
96615
122298
125453
129734
44353
125452
90951
126813
52113
45647
113887
118168
125413
45642
113150
73554
118179
118254
51964
70378
122297
76290
112378
81491
98137
125417
81934
129738
98146
51725
126815
34760
121214
113596
77903
81903
90957
98145
122112
118177
118173
31548
113928
113878
122302
78074
113145
113733
45941
98133
113866
50526
61636
40850
113747
35648
51842
92207
31783
39876
70669
92239
39940
40604
40615
50156
118182
81902
52044
70696
30369
52033
120849
113871
112308
113729
125373
51710
113731
113932
128042
49974
40654
70693
71023
113148
51720
96662
51722
61637
52071
70681
126516
52028
52127
98172
60851
41680
129728
113927
125418
81894
113929
90959
113886
40545
76215
53458
96529
45651
51951
40664
98138
50511
50512
112563
113146
50005
126814
112379
122306
113936
52032
113587
52065
95257
44356
35664
51950
70653
49995
31784
92237
52038
112566
94867
125450
94535
113149
125412
44090
88693
53495
59338
92241
51958
34769
86702
96643
98171
113724
121206
40853
60853
80113
91897
118199
40644
52025
97998
113870
81722
92225
34775
98136
122300
51960
31729
51957
40631
34771
71943
70978
113732
45653
50513
92201
92244
97288
113728
113142
70979
40716
95253
113926
70972
91138
125447
98156
92255
112564
34764
50157
70630
96634
122303
51945
52046
70690
98169
113737
113139
113594
113963
112556
41677
35638
31439
52029
118195
125449
39794
77990
98167
98142
76221
31766
76690
70686
120566
39889
37589
112377
52050
45564
112437
96726
129672
70380
91845
113897
113937
40701
41683
70984
45650
113713
113891
52042
53498
125371
40618
91836
113868
39882
96614
61628
70645
125415
45939
96635
34765
45935
126880
113899
113592
125446
41690
52114
70665
77887
70383
96642
91967
81721
81802
113931
44345
86611
31728
40624
93712
113925
70385
96632
44102
118176
98139
70632
92253
53487
118208
35659
52035
80929
31721
113137
41689
70974
Window 7
45645
39705
96630
113734
95216
118206
96636
113864
46347
61795
93726
113590
113934
113970
70663
95218
51955
98135
70373
52060
40609
98144
125411
40600
40848
86315
52051
113877
131869
96651
122305
90962
132665
35851
41687
81869
80159
70981
93720
132577
39880
113711
112454
53496
70372
132209
96633
113593
40596
134131
120569
62182
125419
40645
40641
92228
40599
121209
51728
113875
70697
98141
44325
70718
113817
113873
122299
113962
51858
70374
81900
125378
112438
76220
51949
51723
51952
81896
40512
80927
134710
70680
76218
81493
98174
35661
45646
50465
132832
121272
122295
60861
113727
52055
70642
131871
51715
91899
113965
70626
92204
96644
92216
77901
40688
93738
52037
122341
35653
70672
120861
50012
125409
40635
45600
96631
113723
113730
126844
51953
53497
93737
113597
93734
116720
118178
63635
98140
96646
118185
91053
131874
113940
51629
112285
52047
120848
36899
52052
112436
94409
41749
112439
132669
131876
52062
39863
97289
50525
67089
132678
118256
50172
50159
132591
45655
70381
125372
134211
80932
71937
112441
91905
113867
70671
91977
40646
41716
94406
113600
120878
95220
53503
96616
52072
81904
90943
112428
131897
132069
51631
98134
40610
51963
51630
60326
53460
61592
118215
50174
113595
50602
70677
132598
55742
95256
35658
37575
118878
65916
53454
113818
113971
113717
81723
126964
37389
81858
51716
125389
51846
51959
81901
125369
125414
112338
41731
70982
53501
35629
132578
39919
45644
122307
80940
94408
122146
73565
70376
132099
91159
51636
113815
113879
132674
113726
52068
122500
40715
122304
125367
61406
52053
113816
51956
60859
132097
60860
78059
76224
50514
94881
91228
92210
98143
81492
96652
125448
132091
125445
76214
113922
93710
50160
132593
45654
72094
70977
70659
51939
113863
113141
41697
81805
35667
112456
70980
96650
83714
95259
52090
132092
49999
96637
132220
92219
52056
60899
91896
91054
96638
35657
45942
91155
51954
52058
131904
35662
39795
131999
131873
132080
53370
92213
96640
94404
93733
132682
95228
113715
96641
125410
113898
52049
46063
52063
113900
70634
51701
132083
70384
131997
96677
131933
71935
96645
127055
70687
92265
52070
81386
134119
40696
40834
76216
92247
113961
40183
125454
95328
132299
81941
113865
51935
40605
40638
91847
92231
134132
81899
81816
112562
125375
95262
52057
113692
113872
51717
92222
76217
122148
48329
126594
132594
37578
70973
49814
40551
112337
112442
125374
55645
113140
92266
113869
45648
132670
52043
81907
92250
122104
131918
92392
122301
51724
52027
60313
40539
40509
125377
122308
39942
50002
52041
52064
112440
122509
45936
52059
91902
76223
96639
113591
93719
92191
41685
112443
51721
61607
70379
74430
93711
131924
77872
70684
81972
96668
39929
125416
113964
124100
132602
53500
80146
113894
45934
50009
52054
122294
53499
95260
113939
86689
81928
80996
86252
132922
81724
40639
122296
132088
83792
51961
81898
118212
76219
132100
81895
113876
113924
52061
50524
113930
51962
52031
51942
125451
131894
40640
44342
113725
132286
76222
91055
76303
122152
96671
96617
96528
118191
96615
132072
122298
125453
129734
44353
125452
90951
126813
52113
45647
113887
132073
118168
125413
45642
113150
131888
73554
118179
118254
51964
70378
122297
76290
112378
81491
98137
125417
81934
129738
132075
98146
51725
126815
121214
125370
131872
113596
77903
81903
90957
98145
122112
53455
113928
113878
122302
78074
113145
113733
45941
98133
113866
35663
50526
61636
40850
113747
35648
51842
92207
39876
70669
92239
39940
132098
40604
40615
50156
118182
81902
52044
70696
52033
120849
113871
112308
113729
125373
51710
113731
113932
128042
49974
40654
70693
71023
113148
51720
96662
51722
61637
52071
70681
126516
52028
52127
98172
60851
131965
41680
129728
113927
125418
81894
90959
40545
76215
53458
96529
45651
51951
40664
98138
132081
50511
50512
112563
113146
50005
126814
112379
122306
132580
113936
52032
113587
52065
95257
44356
35664
51950
70653
49995
92237
52038
112566
94867
125450
94535
134130
113149
125412
44090
88693
53495
59338
92241
51958
86702
96643
98171
131875
113724
121206
40853
60853
80113
132671
91897
118199
40644
52025
97998
113870
81722
92225
98136
122300
51960
51957
40631
71943
70978
113732
45653
50513
92201
92244
97288
113728
113142
70979
40716
95253
70972
91138
125447
98156
92255
112564
50157
70630
96634
122303
51945
52046
70690
132078
98169
113737
113139
113594
113963
112556
41677
35638
52029
118195
125449
39794
132908
77990
98167
98142
76221
76690
70686
120566
39889
37589
112377
52050
45564
112437
131877
96726
129672
131884
70380
91845
113937
40701
41683
70984
45650
113713
52042
132649
53498
125371
40618
91836
113868
39882
96614
131911
61628
70645
132094
125415
45939
96635
45935
126880
113592
125446
41690
52114
70665
77887
70383
96642
91967
81721
81802
113931
44345
86611
40624
93712
70385
96632
44102
98139
131868
131890
70632
132679
92253
53487
118208
35659
52035
80929
132093
113137
41689
70974
Window 8
45645
95252
113734
137184
95216
118206
46347
93726
70663
95218
51955
135654
70373
135653
137183
131879
52051
96651
70638
70981
113711
112454
135494
53496
132209
96633
113593
40596
120569
62182
125419
40645
121209
70697
98141
44325
70718
113873
122299
113962
51858
125378
76220
80927
134710
70680
81493
45646
121272
60861
40525
51715
70626
96644
92216
77901
93738
122341
70672
120861
50012
137185
40635
113723
113730
51953
53497
93737
113597
93734
116720
118178
98140
112285
52047
120848
52052
112439
132669
97289
50525
67089
132591
45655
70381
71937
91905
70671
91977
113600
81904
90943
112428
131897
51631
98134
40610
51963
61592
52030
50174
70677
132598
95256
118878
113818
113717
135479
81723
126964
81858
125389
51846
51959
81901
125414
112338
137193
41731
53501
132578
122307
80940
122146
91159
113879
132674
113726
122500
122304
61406
52053
113816
51956
132097
76224
94881
98143
137186
137194
81492
96652
125445
76214
113922
72094
70977
51939
113863
113141
41697
81805
112456
83714
95259
52090
132092
96637
92219
52056
60899
91054
45942
51954
52058
60314
131904
131873
132080
53370
92213
94404
132682
95228
113715
52049
113900
70634
51701
132083
131933
127055
40696
40834
76216
92247
113961
95328
51935
40605
135439
52057
113692
113872
92222
122148
48329
132594
49814
40551
112442
135501
81907
122301
52027
137190
40509
125377
122308
52064
112440
76223
113591
41685
60316
51721
52034
77872
70684
135495
125416
113964
132602
80146
50009
53499
95260
81928
80996
86252
132922
81724
40639
122296
132088
83792
51961
81895
52061
76222
134128
96671
96617
96528
132072
122298
135500
129734
44353
125452
126813
45647
125413
45642
131888
137187
118179
118254
122297
76290
112378
98137
81934
129738
132075
98146
126815
121214
131872
98145
53455
113928
113878
78074
113145
113733
113866
61636
40850
113747
51842
92239
50156
52044
70696
52033
120849
113871
112308
51710
49974
40654
51720
96662
52071
52045
41680
81894
90959
40545
76215
51951
132081
50511
113146
50005
112379
122306
135473
44356
92237
112566
125450
94535
113149
53495
92241
96643
131875
113724
121206
52040
132671
91897
70685
97998
92225
98136
122300
51960
51957
40631
71943
70978
113732
50513
92201
135476
92244
137189
97288
113728
70979
40716
95253
70972
91138
125447
98156
137196
112564
96634
51945
52046
70690
113737
113139
41677
52029
118195
132908
98142
60315
76221
76690
120566
52050
112437
129672
70380
91845
113937
135496
70984
52042
132649
91836
113868
70645
132094
60318
135497
45937
126880
77887
52048
96642
91967
81721
81802
86611
96632
131868
131890
92253
118208
52035
132093
41689
96630
96636
113864
61795
113590
113934
113970
98135
52060
40609
98144
125411
40600
40848
86315
113877
131869
122305
90962
132665
41687
81869
80159
93720
132577
70372
70377
134131
40641
92228
40599
51728
113875
61606
113817
70374
81900
70640
112438
51949
51723
51952
81896
40512
76218
98174
132832
60317
122295
113727
52055
70642
131871
91899
113965
92204
40688
52037
125409
45600
96631
126844
125368
137188
63635
96646
118185
91053
131874
113940
51629
112436
94409
41749
131876
60321
52062
132678
118256
50172
50159
134211
80932
112441
113867
135491
40646
41716
94406
120878
95220
53503
96616
52072
132069
61605
60323
51630
60326
53460
113595
50602
55742
65916
53454
113971
51716
125369
70982
45644
94408
73565
70376
132099
51636
113815
70635
52068
40715
125367
60859
60860
78059
50514
91228
92210
125448
132091
93710
50160
132593
45654
70659
137182
70980
96650
49999
132220
91896
96638
91155
61601
131999
137195
96640
93733
96641
125410
113898
46063
52063
70384
131997
71935
96645
70687
92265
52070
81386
134119
40183
125454
70655
132299
81941
113865
40638
91847
92231
134132
81899
81816
112562
95262
51717
76217
126594
70973
112337
125374
55645
113140
92266
113869
45648
52043
92250
131918
92392
51724
60313
50002
52041
122509
45936
137172
52059
91902
96639
52026
93719
92191
112443
61607
70379
74430
93711
131924
81972
70382
124100
60325
53500
113894
45934
52054
138461
122294
113939
86689
81898
76219
132100
113876
113924
50524
113930
51962
52031
51942
125451
131894
40640
44342
113725
132286
135485
91055
76303
122152
118191
96615
125453
90951
52113
132073
120568
113150
73554
51964
70378
81491
70650
125417
51725
125370
113596
77903
81903
90957
122112
70674
122302
45941
98133
50526
135470
92207
70669
132098
40604
40615
118182
81902
113729
125373
135464
113731
113932
128042
70693
71023
113148
51722
61637
70681
126516
52028
52127
98172
60851
131965
129728
113927
125418
53458
60324
96529
45651
40664
98138
60320
50512
112563
126814
135489
132580
113936
52032
113587
70641
137192
52065
51950
70653
49995
52038
94867
134130
125412
44090
88693
59338
51958
60322
86702
98171
40853
60853
80113
118199
40644
52025
113870
81722
45653
135570
137191
113142
92255
50157
70630
135484
122303
132078
98169
113594
113963
112556
125449
98167
70686
112377
45564
131877
96726
131884
70639
135488
40701
41683
45650
113713
53498
40618
96614
131911
61628
125415
45939
96635
45935
113592
125446
41690
52114
70665
70383
113931
44345
40624
93712
70385
44102
98139
70632
132679
53487
80929
113137
70974
Window 9
45645
113734
137184
95216
118206
46347
93726
70663
95218
51955
135654
70373
135653
137183
131879
52051
96651
141266
70981
113711
112454
135494
53496
132209
96633
113593
120569
62182
125419
121209
142295
142298
142404
70697
98141
70718
113873
122299
113962
51858
125378
76220
80927
134710
70680
81493
45646
50465
141442
121272
50463
60861
141407
51715
70626
96644
92216
77901
93738
122341
70672
120861
50012
137185
113723
113730
51953
53497
93737
113597
93734
116720
118178
98140
112285
52047
120848
52052
112439
132669
97289
50525
67089
132591
45655
70381
71937
91905
70671
91977
113600
81904
90943
112428
131897
51631
98134
51963
61592
50174
70677
132598
95256
141403
118878
113818
113717
135479
81723
126964
81858
125389
51846
51959
81901
125414
112338
137193
53501
132578
122307
80940
122146
91159
113879
132674
113726
122500
122304
61406
52053
113816
51956
132097
76224
94881
98143
137186
137194
81492
96652
141200
50462
125445
76214
113922
72094
70977
51939
113863
113141
81805
112456
83714
95259
52090
132092
96637
92219
52056
60899
91054
45942
51954
52058
131904
131873
132080
53370
142304
92213
94404
132682
95228
113715
52049
113900
70634
51701
132083
131933
127055
76216
142292
92247
113961
95328
51935
135439
52057
113692
113872
92222
122148
48329
132594
49814
112442
135501
52012
81907
122301
52027
137190
125377
122308
52064
112440
76223
113591
51721
142281
77872
70684
135495
125416
113964
132602
80146
94407
144288
50009
53499
95260
81928
80996
132922
81724
122296
132088
83792
51961
81895
52061
76222
96671
96617
142392
96528
132072
122298
135500
129734
125452
126813
45647
125413
45642
131888
137187
118179
118254
122297
76290
112378
98137
81934
129738
132075
98146
126815
121214
131872
98145
53455
113928
113878
78074
113145
113733
113866
61636
113747
142268
51842
92239
50156
52044
70696
52033
120849
113871
112308
51710
49974
51720
96662
52071
52045
81894
90959
76215
50464
51951
141400
132081
50511
113146
50005
112379
122306
135473
92237
112566
125450
94535
113149
80785
53495
92241
96643
131875
113724
121206
132671
91897
97998
92225
98136
122300
51960
51957
71943
70978
113732
50513
92201
135476
92244
137189
97288
113728
70979
95253
70972
91138
125447
98156
137196
112564
96634
51945
52046
70690
113737
113139
52029
118195
132908
98142
76221
76690
120566
52050
112437
129672
70380
91845
113937
135496
70984
52042
132649
91836
113868
70645
132094
135497
142403
45937
126880
77887
96642
91967
81721
81802
86611
96632
131868
131890
92253
118208
52035
132093
96630
96636
113864
61795
113590
113934
113970
98135
52060
98144
125411
86315
113877
131869
122305
90962
142746
132665
81869
80159
93720
132577
70372
70377
134131
92228
51728
113875
113817
70374
81900
112438
51949
51723
51952
81896
76218
98174
132832
122295
113727
52055
70642
131871
91899
113965
92204
52037
125409
45600
96631
126844
125368
137188
63635
96646
118185
91053
131874
113940
51629
112436
94409
131876
52062
132678
118256
50172
50159
134211
80932
112441
113867
135491
94406
120878
95220
53503
96616
52072
132069
60323
51630
60326
53460
113595
50602
55742
65916
53454
113971
51716
125369
70982
45644
94408
73565
70376
132099
51636
113815
52068
125367
60859
60860
50514
91228
92210
125448
132091
55562
142284
93710
50160
132593
45654
70659
137182
70980
96650
49999
132220
98177
91896
96638
91155
61601
131999
137195
96640
93733
96641
125410
113898
46063
52063
70384
131997
71935
96645
70687
92265
52070
81386
134119
125454
132299
81941
113865
91847
92231
134132
81899
81816
112562
95262
51717
76217
126594
70973
112337
125374
55645
113140
92266
113869
45648
52043
92250
131918
92392
51724
60313
50002
52041
122509
45936
137172
52059
91902
96639
93719
92191
141401
112443
61607
70379
74430
93711
135482
81972
124100
60325
53500
113894
45934
52054
138461
122294
113939
86689
81898
76219
132100
113876
113924
50524
113930
51962
52031
51942
125451
131894
113725
132286
135485
91055
76303
122152
118191
96615
125453
90951
132073
120568
113150
73554
51964
70378
81491
125417
51725
125370
113596
77903
81903
90957
122112
122302
45941
98133
50526
135470
92207
70669
132098
118182
81902
113729
125373
113731
113932
128042
70693
71023
113148
51722
61637
70681
126516
52028
52127
98172
60851
131965
129728
113927
125418
53458
60324
96529
45651
98138
50512
112563
126814
135489
132580
113936
52032
113587
70641
137192
52065
51950
70653
49995
112380
52038
94867
134130
125412
88693
59338
51958
86702
98171
60853
80113
118199
131141
52025
113870
81722
45653
135570
137191
113142
92255
98170
50157
70630
135484
122303
132078
98169
113594
113963
112556
125449
98167
70686
112377
45564
131877
96726
131884
135488
45650
53498
96614
131911
61628
142071
125415
45939
96635
45935
113592
125446
52114
70665
70383
113931
141396
93712
70385
98139
70632
132679
53487
80929
113137
70974
