Window 0
1972
6274
6050
3835
280
1731
6067
1732
5724
6045
2307
2589
3712
724
9264
1832
6269
869
6039
5568
5721
3411
5924
543
868
5557
538
3409
6041
5567
4022
250
3303
6272
9263
2587
4592
1714
2020
1531
249
3433
281
3119
1868
4023
7442
6053
1683
5564
7921
1430
1974
833
5629
6036
5143
6040
6277
1431
3447
6060
6073
5475
4591
2588
6268
6072
6038
3446
3600
539
3018
3414
6037
3415
2575
5559
2880
2576
1971
5558
832
5910
5474
5436
6267
6266
7435
6042
1405
3599
1406
6051
5563
6276
544
5909
5725
6047
851
3996
434
1833
723
6062
1713
3008
3836
6046
6063
6068
6075
7434
6056
5507
1831
3007
3410
1682
395
3279
3416
3278
6070
2000
5569
6054
6061
1867
3017
5720
4593
3711
6620
6071
6057
6064
3304
5142
1532
3412
396
6049
6065
7436
2306
6052
6066
6069
852
3120
6074
3995
6058
1999
1973
5437
6044
6055
2610
6275
6059
2879
433
6273
6048
6043
542
Window 1
1972
6274
6050
3835
1731
6067
1732
5724
6045
2307
2589
3712
724
9264
1832
6269
869
6039
5568
5721
3411
5924
543
868
5557
538
3409
6041
5567
4022
3303
6272
9263
2587
4592
1714
2020
1531
3433
3119
1868
4023
7442
6053
1683
5564
7921
1430
1974
833
5629
6036
5143
6040
6277
1431
3447
6060
6073
5475
4591
2588
6268
6072
6038
3446
3600
539
3018
3414
6037
3415
2575
5559
2880
2576
1971
5558
832
5910
5474
5436
6267
6266
7435
6042
1405
3599
1406
6051
5563
6276
544
5909
5725
6047
851
3996
1833
723
6062
1713
3008
3836
6046
6063
6068
6075
7434
6056
5507
1831
3007
3410
1682
3279
3416
3278
6070
2000
5569
6054
6061
1867
3017
5720
4593
3711
6620
6071
6057
6064
3304
5142
1532
3412
6049
6065
7436
2306
6052
6066
6069
852
3120
6074
3995
6058
1999
1973
5437
6044
6055
2610
6275
6059
2879
6273
6048
6043
542
Window 2
10830
1972
10506
6274
6050
3835
1731
6067
1732
5724
10828
6045
2307
2589
3712
9264
1832
6269
6039
5568
5721
3411
5924
10835
5557
3409
6041
5567
4022
3303
10829
6272
9263
2587
4592
1714
2020
1531
3433
3119
1868
4023
7442
6053
1683
5564
7921
1430
1974
5629
6036
5143
6040
6277
1431
3447
6060
10827
6073
5475
4591
2588
6268
6072
6038
10505
3446
3600
3018
3414
6037
3415
2575
5559
2880
2576
1971
5558
5910
5474
5436
6267
6266
7435
6042
1405
3599
1406
6051
5563
6276
10836
5909
5725
6047
3996
10831
1833
6062
1713
3008
3836
6046
6063
6068
6075
7434
6056
5507
1831
3007
3410
10778
1682
3279
3416
3278
6070
2000
5569
6054
6061
1867
3017
5720
4593
3711
6620
6071
6057
6064
3304
5142
1532
10777
3412
6049
10832
6065
7436
2306
6052
6066
6069
3120
6074
3995
10833
6058
1999
1973
5437
6044
6055
2610
6275
6059
10834
2879
6273
6048
6043
Window 3
10830
1972
10506
6274
6050
3835
1731
6067
1732
5724
10828
6045
2307
2589
3712
9264
1832
6269
6039
5568
5721
3411
5924
10835
5557
3409
6041
5567
4022
3303
10829
6272
9263
2587
4592
1714
2020
1531
3433
3119
1868
4023
7442
6053
1683
5564
7921
1974
5629
6036
5143
6040
6277
3447
6060
10827
6073
5475
4591
2588
6268
6072
6038
10505
3446
3600
3018
3414
6037
3415
2575
5559
2880
2576
1971
5558
5910
5474
5436
6267
6266
7435
6042
3599
6051
5563
6276
10836
5909
5725
6047
3996
10831
1833
6062
1713
3008
3836
6046
6063
6068
6075
7434
6056
5507
1831
3007
3410
10778
1682
3279
3416
3278
6070
2000
5569
6054
6061
1867
3017
5720
4593
3711
6620
6071
6057
6064
3304
5142
1532
10777
3412
6049
10832
6065
7436
2306
6052
6066
6069
3120
6074
3995
10833
6058
1999
1973
5437
6044
6055
2610
6275
6059
10834
2879
6273
6048
6043
Window 4
10830
10506
6274
11706
6050
3835
11726
6067
5724
10828
6045
2307
2589
3712
9264
6269
6039
11728
5568
11704
5721
3411
5924
10835
5557
3409
6041
5567
4022
3303
10829
6272
11705
11830
9263
2587
4592
2020
3433
3119
11716
4023
7442
11829
6053
5564
7921
5629
6036
5143
6040
6277
3447
6060
10827
11724
6073
5475
4591
2588
6268
6072
6038
10505
3446
3600
3018
11955
3414
6037
3415
2575
5559
2880
2576
5558
5910
5474
5436
6267
6266
7435
6042
11703
3599
11983
6051
5563
11982
6276
10836
11698
5909
5725
6047
3996
10831
6062
11719
3008
3836
6046
6063
6068
6075
11702
7434
6056
5507
11938
3007
11727
3410
10778
3279
3416
3278
11937
6070
2000
5569
6054
6061
3017
5720
4593
11717
3711
6620
6071
6057
6064
3304
5142
11725
10777
3412
6049
11701
10832
6065
7436
2306
6052
6066
6069
3120
6074
3995
10833
6058
5437
6044
6055
11718
2610
6275
6059
10834
2879
6273
6048
6043
Window 5
10830
10506
6274
11706
6050
3835
11726
6067
5724
10828
6045
2589
3712
3413
9264
6269
6039
11728
5568
11704
5721
3411
5924
10835
5557
3409
6041
5567
4022
3303
10829
6272
11705
9263
2587
4592
3433
3401
3119
11716
4023
7442
3148
6053
5564
7921
5629
6036
5143
6040
6277
3447
3418
6060
10827
11724
6073
5475
4591
2588
6268
6072
6038
10505
3446
3600
3018
11955
3414
6037
3415
2575
5559
2880
2576
5558
5910
5474
5436
6267
6266
7435
6042
11703
3599
11983
6051
5563
11982
6276
10836
11698
5909
5725
6047
3996
10831
6062
11719
3008
3836
6046
6063
6068
6075
11702
7434
6056
5507
11938
3007
11727
3410
10778
3279
3416
3278
11937
2596
6070
5569
6054
6061
3017
5720
4593
11717
3711
6620
6071
6057
6064
3304
5142
11725
10777
3412
6049
11701
10832
6065
7436
6052
6066
6069
3120
6074
3995
10833
6058
5437
6044
6055
11718
2610
6275
6059
10834
2879
6273
6048
6043
Window 6
10830
10506
6274
11706
6050
12767
3835
11726
6067
5724
10828
6045
12770
3712
12768
3413
12761
9264
6269
3403
12929
6039
11728
5568
11704
5721
3411
12920
5924
10835
12928
5557
3409
12760
6041
5567
4022
3303
10829
6272
11705
9263
12771
4592
3433
3401
3119
11716
4023
3419
7442
3421
3148
6053
5564
7921
5629
3147
6036
3434
5143
6040
6277
3447
3418
6060
10827
11724
6073
5475
4591
6268
6072
6038
10505
3446
3600
12784
3018
11955
12772
3414
6037
3415
5559
5558
5910
5474
5436
6267
6266
7435
6042
11703
3599
11983
12753
12785
6051
5563
11982
3402
6276
10836
11698
5909
5725
6047
3996
10831
6062
11719
3008
3836
6046
6063
6068
6075
11702
7434
6056
5507
11938
3007
11727
3435
3410
10778
3279
3416
3417
3278
11937
6070
12754
5569
6054
6061
3017
5720
3432
4593
11717
3711
6620
6071
6057
6064
3304
5142
11725
10777
3412
6049
12759
11701
10832
6065
7436
3422
6052
6066
6069
3120
6074
3995
10833
6058
5437
6044
6055
11718
6275
6059
10834
3426
6273
6048
3420
6043
Window 7
13008
10830
10506
6274
11706
6050
12767
3835
11726
6067
5724
10828
6045
12770
3712
12768
12761
9264
6269
3709
12929
6039
11728
5568
11704
5721
12920
5924
10835
3714
12928
5557
12760
6041
5567
4022
10829
6272
11705
9263
12771
4592
11716
4023
7442
6053
5564
7921
3718
5629
6036
5143
6040
6277
6060
10827
11724
6073
5475
4591
6268
6072
6038
10505
3600
12784
11955
12772
3710
6037
5559
5558
5910
5474
5436
6267
6266
7435
6042
11703
3599
11983
12753
12785
6051
5563
11982
6276
3716
10836
11698
5909
5725
6047
3996
10831
6062
11719
3836
6046
6063
6068
6075
11702
13010
7434
6056
5507
11938
11727
3713
10778
11937
6070
12754
5569
6054
6061
5720
4593
11717
3711
6620
6071
6057
6064
13009
5142
11725
10777
6049
12759
11701
10832
6065
7436
6052
6066
6069
6074
3995
10833
6058
5437
6044
6055
11718
3715
6275
6059
10834
6273
6048
6043
Window 8
13008
10830
10506
6274
11706
6050
12767
11726
6067
5724
10828
6045
12770
12768
12761
9264
6269
12929
6039
11728
5568
11704
5721
12920
5924
10835
12928
5557
12760
6041
5567
4022
10829
6272
11705
9263
12771
4592
11716
4023
7442
6053
5564
7921
5629
6036
5143
6040
6277
6060
10827
11724
6073
5475
4591
6268
6072
6038
10505
12784
11955
12772
7695
6037
5559
5558
5910
5474
5436
6267
6266
7435
6042
11703
11983
12753
12785
6051
5563
11982
6276
10836
11698
5909
5725
6047
10831
6062
11719
6046
6063
6068
6075
11702
13010
7434
6056
5507
11938
11727
10778
11937
6070
12754
5569
6054
6061
5720
4593
11717
6620
6071
6057
6064
13009
5142
13655
11725
10777
6049
12759
11701
10832
6065
7436
6052
6066
6069
6074
10833
6058
5437
6044
6055
11718
6275
6059
10834
6273
6048
6043
Window 9
13008
10830
10506
6274
11706
6050
12767
11726
6067
5724
10828
14274
6045
12770
12768
12761
9264
6269
12929
6039
11728
5568
11704
5721
12920
5924
10835
12928
5557
12760
6041
5567
10829
6272
14272
11705
9263
12771
4592
11716
7442
14268
6053
5564
7921
14264
5629
6036
5143
6040
6277
6060
10827
11724
6073
5475
4591
6268
6072
6038
10505
12784
11955
12772
7695
6037
5559
14269
5558
5910
5474
5436
6267
6266
7435
14273
6042
11703
11983
12753
12785
6051
5563
11982
6276
10836
11698
5909
5725
6047
10831
14296
6062
11719
6046
6063
6068
6075
11702
13010
7434
6056
5507
11938
11727
10778
11937
6070
12754
5569
6054
6061
5720
4593
11717
6620
6071
6057
6064
13009
5142
13655
11725
10777
6049
12759
11701
10832
6065
7436
6052
6066
6069
6074
10833
6058
5437
6044
6055
11718
6275
6059
10834
6273
6048
6043
