Window 0
923
9666
9652
275
96
115
751
757
5041
443
1884
1464
8572
319
1041
53
9044
917
245
1350
323
9818
125
611
5976
355
459
1666
1466
1417
6933
9531
260
348
448
7892
12
844
1097
284
979
166
233
82
255
885
23
20
321
852
6878
9697
8355
188
9823
8125
7763
9612
35
1565
9479
9587
6638
604
1954
7802
344
7644
126
317
716
8885
9679
34
9302
717
8030
144
991
1143
294
6866
1493
9646
142
7994
8078
9724
1120
122
318
9326
226
1149
8097
1355
588
999
976
14
848
1302
432
338
1024
9654
9542
325
415
152
988
1418
315
718
492
1027
143
4463
6949
24
222
1069
1156
262
8502
9035
524
8008
60
150
9285
1036
11
819
9476
141
821
285
335
64
9197
13
8029
9933
201
86
7760
256
223
1238
652
9686
534
52
3012
388
906
6551
7950
9492
368
9667
382
5083
903
1305
7324
7
7746
9184
669
7902
8881
1083
7824
110
289
962
4509
9606
1460
308
8267
1661
290
1621
836
502
9634
1336
9558
175
173
7938
608
133
1697
9493
702
6900
340
2768
1018
249
28
9325
7533
1065
8012
431
515
1139
6984
506
682
92
1241
399
254
9494
581
1428
163
185
753
6
227
301
9063
4916
2793
6498
514
960
9376
516
9133
7980
9619
486
198
8083
1410
900
9769
9156
1342
6503
822
1641
480
1567
162
1506
9510
7590
364
8115
9566
487
9586
434
6899
78
1434
9396
9456
1517
7981
575
1605
45
9613
70
202
9668
1566
935
8895
6849
7676
9379
8080
341
9477
1796
9780
7996
9601
7853
8687
74
884
482
123
9582
7307
8183
9371
9723
183
59
264
7974
1180
330
488
1062
739
430
1589
3815
1525
570
707
6512
9577
38
104
8281
1210
8630
520
1709
9245
609
1452
337
56
495
280
7978
7882
800
1004
7979
1592
140
572
1504
1307
9126
119
250
472
50
734
1134
287
1838
6592
9536
95
994
9835
1309
7666
5199
1046
1537
6880
9997
1520
489
9565
9711
97
8674
336
8893
1510
8044
1011
1130
485
172
40
518
7732
8194
9548
806
7813
9571
1093
895
161
8091
36
5084
6999
354
1351
943
9568
9521
44
9055
9228
9812
225
859
5926
8557
2832
268
483
4997
79
9251
367
501
232
8112
99
1343
197
6839
343
9569
1412
0
9849
1473
380
7756
1635
2897
9648
643
8346
737
9311
946
8046
691
1249
1340
9301
357
120
9351
1295
9499
9447
9593
1088
6543
295
307
66
511
9540
9377
494
9520
7655
9560
9217
1480
55
9708
1148
9658
9506
1009
9364
569
8983
7908
228
8144
213
9655
1074
300
1603
9692
57
525
39
192
407
8611
9310
6907
177
329
25
269
9034
510
1188
7174
1084
1883
507
1797
189
8409
6530
8114
1484
4759
7800
452
6934
1803
8279
7772
1211
240
1043
322
112
281
76
402
7571
244
9610
670
9687
9172
1584
9581
1133
304
8096
7762
116
1151
1273
9278
5042
493
409
58
1378
8195
995
7729
8003
456
8354
4113
1362
9592
5082
9227
298
7784
370
1012
9584
2836
7852
9017
9848
258
477
907
1372
9703
7140
924
560
103
219
1551
4
324
9680
5
235
484
1333
1026
320
9663
8639
129
4162
9164
1365
417
1129
6473
674
1095
138
1073
374
8211
77
75
634
416
6983
1756
773
195
7858
8082
278
9366
8198
9570
29
7997
481
967
1409
90
445
7840
654
1349
6868
310
7799
7814
449
9678
274
9712
200
8772
193
8484
9464
9709
216
218
7710
1516
26
67
181
9704
46
100
8291
9263
1200
7995
7461
7993
54
127
6898
499
9539
153
151
9575
1339
31
194
102
529
379
4996
877
9643
9113
339
85
658
1795
9716
7761
1536
176
9378
1092
7821
1408
7731
8065
9659
217
9726
9611
7837
505
8028
1297
1816
1465
206
1072
7948
9756
7869
9403
1575
182
8399
1583
8266
8758
221
257
3852
9614
851
7337
8897
134
605
9445
8542
1
131
61
353
398
414
4064
4858
8197
137
8242
9599
6877
444
68
346
159
810
596
533
9216
358
1326
365
302
1008
989
1640
519
224
84
17
843
8160
1401
266
9064
3
48
8196
9630
178
312
15
546
9395
208
73
817
9265
33
8393
283
4625
350
9717
239
1100
7836
8487
469
825
1042
1687
9402
9635
118
1508
667
1023
88
270
725
132
1306
6857
8892
9455
296
9554
497
311
9642
211
9513
80
410
1013
7059
7823
9243
7243
9511
423
9645
8081
9209
1112
8307
547
8146
89
1125
1310
16
1843
145
1206
9710
1477
1111
9286
332
6848
9000
463
801
9674
780
1265
117
9839
1212
124
1453
87
993
8181
687
401
351
43
4114
422
139
1098
7957
8879
8403
19
1335
230
723
328
1511
8045
8771
9696
9598
408
831
9751
51
1144
1348
1496
1066
579
1168
4914
9768
8610
9691
243
121
496
62
1436
7665
375
1085
8043
72
191
212
440
209
107
7920
446
9576
114
9185
8599
1048
1828
8686
253
564
7711
8116
9727
8113
1568
2769
7803
220
8380
363
6858
992
447
9762
356
490
400
1404
532
71
8506
1718
478
157
9607
42
9514
1420
314
167
170
109
149
433
9781
376
101
1104
154
1626
1593
160
466
922
9585
7890
9112
1057
7141
8379
9206
1216
7038
27
622
1625
205
1064
8699
128
6886
4566
1017
1127
8126
7600
491
996
826
8904
147
7959
9690
665
326
619
1132
9530
9785
292
558
769
9673
461
9134
9605
911
441
93
248
8381
2767
1698
555
8905
8530
41
1174
530
372
105
1316
9559
1061
187
272
2833
1022
4421
214
1140
146
1530
984
7558
8098
664
7927
7921
1391
733
113
130
6591
421
267
135
1078
168
1429
65
7780
7903
69
9718
9676
2835
8064
1435
838
9591
229
199
331
279
616
1019
9033
904
6915
9515
9662
9665
1892
9446
9196
9806
22
8515
9220
828
7119
1688
47
81
9264
8169
204
1033
108
1560
352
9826
1002
1230
9165
293
562
381
7926
155
4859
9677
8010
9608
8090
498
83
528
8063
359
148
4712
1513
1094
6829
1058
9394
234
666
1021
207
1569
512
273
1717
156
8580
471
8024
9784
241
9120
111
7747
7536
9484
871
169
9884
9461
246
7956
6135
1314
180
8009
8079
30
9195
6664
7501
9730
8424
9567
9
373
1413
7643
4998
238
954
369
796
299
7535
9549
5735
1105
7534
18
770
1147
9412
231
536
858
8889
1631
32
7949
7441
820
1049
9653
7822
1025
406
1804
8025
2
7781
7374
366
91
521
1542
8159
949
49
1489
9604
63
465
3927
541
7955
1677
464
9600
271
9541
784
6536
1524
552
247
4373
7776
9194
37
136
342
1038
8210
21
1059
7023
1044
8292
236
333
6491
1108
1313
8290
237
9770
8857
10
106
165
9512
7958
6856
931
1281
513
7849
9798
8
1118
1055
8268
9219
98
8011
556
4915
8278
9470
9660
7601
468
94
158
Window 1
923
9666
9652
751
757
5041
1884
9365
1464
8572
1041
818
9044
917
1350
9818
611
5976
1666
1417
9531
10023
7892
10246
844
1097
979
885
6878
9697
8355
8125
7763
9612
10234
1565
9479
9587
604
1954
7802
7644
716
8885
9679
9302
717
8030
991
1315
1143
10185
1493
9646
7994
8078
9724
1120
9326
1149
8097
1355
588
999
976
1302
1024
9654
10134
9542
955
10215
988
1418
718
1027
4463
6949
10236
1069
1156
8502
9035
524
8008
9285
1036
819
9476
10214
821
9197
8029
9933
7760
1238
652
9686
534
10173
3012
906
6551
9492
9667
5083
10239
1305
7746
9184
669
8881
1083
7824
962
4509
9606
1460
1661
1621
836
502
973
9634
10228
1336
9558
608
1697
9493
702
6900
2768
1018
9325
7533
1065
8012
515
1139
6984
506
10183
682
1241
9494
581
1428
753
9063
4916
2793
6498
514
960
9376
516
7980
9619
8083
1410
9769
9156
1342
6503
822
1641
1567
1506
9510
7590
8115
9566
9586
6899
1434
9396
9456
1517
7981
575
1605
9613
9668
1566
935
8895
6849
7676
9379
10219
8080
9477
1796
9780
7996
9601
7853
8687
884
10146
10186
9582
9350
8183
9371
9723
1180
1062
739
1589
3815
1525
570
707
6512
9577
1210
8630
520
1709
9245
609
1452
7978
7882
800
1004
7979
1592
10227
572
1504
1307
9126
734
1134
10241
6592
9536
994
9835
1309
7666
5199
1046
1115
1537
9997
1520
10157
9565
9711
8893
1510
8044
1011
1130
1321
1358
518
7732
8194
9548
806
7813
9571
1093
895
8091
5084
6999
1351
943
9568
9521
10141
9055
9228
9812
859
8557
2832
4997
9251
501
8112
1343
9569
1412
9849
10154
1473
10122
1635
2897
9648
643
737
9311
946
8046
691
1249
1340
9301
9351
1295
9499
9447
9593
10276
1088
6543
511
9540
9377
9520
7655
9560
9217
9708
1148
9658
9506
1009
10257
9364
569
8983
7908
8144
9655
1074
10459
1603
9692
525
10217
8611
9310
9034
510
1188
7174
1084
1883
507
1797
8409
6530
8114
1484
4759
7800
1803
8279
1211
1043
7571
9610
670
9687
9172
10460
1584
9581
1133
8096
7762
1151
1273
9278
5042
1378
8195
995
7729
8003
8354
4113
1362
9592
5082
9227
1012
9584
7852
9017
907
1372
9703
7140
924
560
1551
9680
1333
1026
9663
8639
1386
4162
9164
1365
1129
6473
674
1095
1073
8211
634
6983
1756
773
7858
8082
9366
10168
8198
9570
7997
967
1409
7840
654
1349
6868
7799
7814
9678
10107
9712
8772
8484
9464
9709
7710
1516
9704
10161
9263
1200
7995
7461
7993
6898
9539
9575
1339
10202
529
4996
877
9643
9113
658
1795
9716
7761
1536
9378
7821
1408
7731
8065
9659
9094
9324
9726
9611
10240
7837
505
8028
1816
1465
1072
7948
9756
7869
9403
1575
8399
1583
8266
3852
9614
851
7337
8897
605
9445
8542
10474
10233
10480
4064
4858
2852
8197
9599
6877
10194
1035
810
596
10187
533
9216
1326
1008
989
1640
519
843
8160
1401
9064
8196
9630
7557
1346
546
9395
817
9265
4625
9717
1100
8487
825
1042
1687
9402
10174
9635
1508
667
1023
725
1306
6857
8892
9455
9554
9642
9513
1013
7059
7823
9243
7243
9511
9645
8081
9209
1112
547
8146
1125
1310
1843
1206
9710
1477
1111
9286
6848
9000
801
9674
780
9839
1212
1453
993
8181
687
4114
10222
1098
7957
8879
8403
1335
723
1511
8045
8771
9696
9598
831
9751
10078
1144
1348
1496
1066
579
1168
4914
9768
8610
9691
1436
7665
1085
8043
7920
9576
9043
10245
9185
8599
1048
1828
8686
564
7711
8116
9727
10210
10244
8113
1568
2769
7803
8380
10256
6858
992
9762
1404
532
8506
1718
10216
9607
9514
1420
9781
10085
1104
1593
922
9585
7890
9112
1057
7141
8379
9206
1216
7038
622
1625
1064
8699
3011
6886
4566
1017
1127
8126
7600
996
826
8904
7959
9690
665
619
1132
9530
9785
1167
558
769
9673
9134
9605
911
8381
2767
1698
555
8905
8530
1174
530
1316
9559
1061
2833
1022
4421
1140
1530
984
7558
8098
664
7927
1391
733
6591
10147
1078
1429
7780
9718
9676
10201
2835
8064
1435
838
9591
616
1019
9033
3588
904
6915
9515
9662
9665
1892
9446
9196
9806
8515
9220
828
7119
1688
9264
8169
1033
1560
9826
1002
1230
9165
562
7926
4859
9677
8010
9608
8090
528
8063
4712
1513
1094
6829
10167
1058
9394
666
1021
1569
512
1717
8580
8024
9784
9120
4913
7747
1079
10381
9484
871
9884
9461
1119
7956
6135
1314
8009
8079
9195
10221
6664
7501
9730
8424
9567
1413
7643
4998
954
796
9549
5735
1105
7534
770
1147
9412
536
858
10184
8889
1631
7441
820
1049
9653
7822
1025
1804
7781
7374
521
1542
8159
949
1489
9604
10334
3927
541
7955
1677
9600
9541
784
6536
1524
552
4373
7776
9194
1038
8210
1059
7023
1044
8292
6491
1108
1313
9770
10200
9512
7958
5243
931
1281
513
7849
9798
1118
1055
9219
8011
556
646
4915
8278
9470
9660
586
1126
Window 2
9666
9652
10547
9257
5041
1884
9365
1464
1221
1041
9044
10942
1350
9818
5976
1666
1237
1417
6933
9531
10023
7892
10246
9276
1097
10618
10629
6878
9697
8355
8125
7763
9612
10234
1565
9479
9587
1954
7802
7644
10611
9487
8523
1056
8885
9679
9302
8030
1315
1143
10185
6866
1493
9646
7994
8078
9724
1138
1120
10632
10570
9326
1331
1149
8097
1355
9259
1302
1024
9654
10134
10624
9542
10215
1418
1027
6949
10236
10538
1069
1156
8502
9035
8008
9285
1036
9476
10636
10214
8029
9933
7760
10644
1238
9686
10173
3012
9207
6551
9492
9667
5083
10239
1305
10539
7746
9184
8881
1083
7824
10703
4509
9606
1460
10603
10949
1661
1621
10590
9634
10228
1336
9558
1697
9493
6900
2768
1018
9325
7533
1065
8012
1139
6984
10183
1264
1241
9494
8214
1428
9063
4916
2793
6498
9376
1071
10698
7980
9619
9250
8083
1410
9769
9156
1342
1641
1567
1506
9510
7590
10526
8115
9566
9586
9258
6899
1434
9396
9456
1517
7981
1605
10581
9613
1131
9668
1566
8895
6849
7654
7676
9379
10219
8080
9477
1796
9780
7996
9601
7853
8687
10580
10146
10186
9582
9350
8183
9371
9723
1180
1062
1263
1589
3815
10562
1525
6512
9577
1210
8630
1709
9245
1452
7978
6692
10610
10514
10544
7882
1004
7979
10759
1592
10227
1504
1307
9126
10615
1134
10241
6592
9536
9835
10616
1309
7666
5199
1046
1115
1537
9997
1520
10157
9565
10656
9711
8893
1510
10620
8044
1011
1130
10604
1321
10681
1358
7732
9548
7813
9571
1093
8091
10621
10553
5084
6999
10575
1351
9568
1277
9521
10141
9055
9812
8557
2832
4997
9251
1187
8112
1343
10554
6839
9569
1412
9849
10154
1473
10122
1635
2897
9648
10630
9311
8046
1249
1340
9301
9351
1295
10682
9499
9447
9593
10917
10276
1088
6543
10579
9540
10933
9377
9520
7655
9560
9217
1400
1215
9708
1148
9658
9506
1009
10257
9364
8983
7908
10617
8144
9655
1074
10459
1603
9692
10217
10686
8611
9310
10702
6907
10982
9034
1188
7174
1084
1883
1797
8409
10508
6530
8114
1484
4759
7800
6934
1803
8279
1211
1043
10594
7571
9610
9687
9172
10460
1584
9581
1133
8096
7762
1151
1273
9278
5042
1378
8554
8195
8128
7729
8003
8354
4113
1362
9592
5082
9227
10543
1012
9584
7852
9017
1372
9703
10573
7140
10597
1551
9680
10561
1333
1026
9663
8639
1386
4162
9164
1365
1129
6473
1095
1073
10552
10585
8211
10586
10519
6983
1756
7858
8082
9366
10168
8198
9570
7997
1409
7840
1349
6868
10566
10613
7799
7814
9678
10107
9712
10988
8772
8484
9464
9709
7710
1516
9427
9392
9704
10161
9263
1200
7995
7461
7993
6898
9539
9575
1339
10202
4996
9643
1795
9716
7761
1536
9378
7821
1408
7731
8065
9659
9094
9324
9726
9611
10240
7837
10635
8028
1816
9469
1465
1072
7948
9756
10502
7869
9403
1575
8399
1583
8266
3852
9614
7337
8897
9445
8542
10474
1052
10609
10560
10612
1334
10233
1028
10480
4064
4858
2852
8197
10536
10999
9599
6877
10194
1035
10601
10187
9483
9216
1326
1008
1640
8160
1401
10628
8196
9630
7557
1346
9395
10571
1103
9218
10692
10551
4625
9717
1100
8487
1042
1687
9402
10174
10680
9635
1508
1023
1306
6857
8892
9455
9554
9642
9513
6772
10968
1013
7059
7823
9243
10650
7243
9511
10697
9645
8081
10583
9209
1112
1081
8146
1125
1310
1843
1206
9710
1477
1111
9286
1001
6848
9000
9674
10545
9839
1212
1453
10605
8181
1371
4114
10222
9409
1098
7957
8879
10992
8403
1335
1511
8045
8771
9696
9598
1040
9751
10078
1213
1144
1348
1496
1066
1168
4914
9768
10602
8610
9691
7665
1085
8043
1274
7920
9576
9043
10709
10245
9185
10549
1048
8686
10627
9249
7711
8116
9727
10210
10244
8113
1568
2769
10593
7803
8380
10256
6858
10600
10599
9762
10704
1404
8506
1718
10216
9607
10626
9514
1420
9781
10509
10085
10607
10582
1005
10534
1104
1626
1593
9235
9585
7890
9112
10900
1057
7141
10569
8379
9206
1216
7038
1625
1064
3011
6886
4566
1017
1127
8126
7600
8904
9260
7871
7959
9690
10572
1132
9530
9785
1167
9673
9134
9605
3926
8381
2767
10548
1698
8905
8530
1174
10523
1316
9559
1061
2833
1022
4421
1140
1530
7558
10584
10504
8098
7927
1391
6591
10147
1078
9032
1429
7780
10589
9718
9676
10201
2835
8064
10555
1435
9591
1019
9033
3588
10623
6915
9515
9662
9665
1892
9196
9806
8515
9220
7119
1688
10532
9264
1033
1560
9826
1002
1230
9428
7926
4859
9677
8010
9608
8090
1020
8063
1082
10510
4712
1513
1094
6829
10167
1058
9394
1021
1569
7829
1067
1717
9261
8580
8024
9784
9120
4913
7747
1079
9484
10606
9884
9461
1119
7956
1314
8009
3009
8079
9195
10221
6664
7501
1383
9730
8424
9567
1413
7643
4998
9549
5735
1105
7534
1147
9412
1070
10184
10631
8889
1631
10557
7441
1049
9653
10622
7822
1025
1804
10705
7781
7709
7374
1542
8159
1489
9604
10334
10701
7955
1677
9600
9541
6536
1524
4373
7776
9194
1038
8210
1059
7023
1044
8292
6491
1108
1313
9770
10200
10960
9512
7958
5243
6856
1281
7849
9798
1503
1063
1118
1055
9219
8011
4915
8278
9470
9660
1126
10550
10625
1337
Window 3
9666
9652
10547
9257
5041
1884
8572
9044
11415
9818
5976
1666
6933
9531
9370
10023
11364
7892
10246
9276
10618
11362
10629
6878
9697
11353
8355
11421
8125
7763
9612
10234
1565
9479
9587
1954
7802
7644
10611
9487
8523
11393
8885
9679
9302
11357
8030
11388
10185
6866
11435
11418
9646
11499
7994
8078
9724
10632
10570
9326
8097
9259
11493
9654
10134
10624
9542
10215
11429
11436
6949
10236
10538
8502
9035
8008
9285
11490
9476
10636
10214
8029
9933
7760
10644
9686
10173
3012
9207
6551
9492
9667
5083
10239
10539
7746
9184
8881
7824
10703
4509
9606
10603
1661
1621
9349
10590
9634
10228
9558
1697
9493
6900
11358
11432
2768
9325
7533
8012
11369
11340
6984
10183
9494
11366
8214
11451
11344
9063
4916
2793
6498
9376
10698
11488
7980
9619
9250
8083
9769
9156
11454
1641
1567
1506
9510
7590
10526
11397
8115
9566
9586
9258
11425
6899
11384
11345
9396
9456
1517
7981
1605
10581
9613
9668
1566
8895
6849
7654
7676
9379
10219
8080
9477
1796
9780
7996
9601
7853
8687
10580
10146
10186
9582
9350
8183
11371
9371
9723
11342
1589
3815
10562
1525
6512
9577
8281
8630
1709
11423
9245
7978
6692
10610
10514
10544
9626
11365
7882
11441
7979
10759
1592
10227
1504
9126
10615
11407
11390
10241
11416
6592
9536
9835
10616
10576
7666
5199
1537
9997
1520
10157
9565
11422
10656
9711
8674
8893
1510
10620
11373
8044
10604
11431
10681
7732
9548
8194
7813
9571
8091
10418
10621
10553
11430
5084
6999
10575
9568
9521
11346
10141
9055
9812
11434
8557
5926
2832
4997
11359
9251
11474
11426
8112
11352
10554
6839
9569
9849
10154
10122
11356
1635
2897
9648
11350
11466
10630
9311
8046
9301
9351
10682
9499
9447
9593
10917
11403
10276
6543
10579
6914
9540
9377
9520
7655
9560
9217
9708
9658
9506
10257
9364
8983
7908
10617
8144
9655
10459
1603
9692
10217
10686
11459
11375
11394
8611
9310
10702
6907
11361
9034
7174
1883
1797
8409
10508
6530
8114
4759
7800
9323
6934
1803
8279
11354
11381
10594
7571
9610
9687
9172
11382
10460
1584
9581
8096
7762
9278
2916
5042
11370
8554
8195
8128
7729
10450
8003
8354
4113
9592
5082
9227
10543
9584
7852
9017
11395
11396
9703
10573
7140
10597
1551
9680
10561
11413
9663
8639
4162
9164
3391
6473
11385
11452
10552
10585
8211
10586
10519
6983
1756
7858
8082
11411
9366
10168
8198
9570
7997
7840
10449
6868
10566
10613
7799
7814
9678
10107
9712
8772
8484
9464
9709
7710
11399
11455
1516
9427
11445
9392
9704
10161
9263
11389
11450
7995
11419
7461
7993
11453
6898
9539
9575
11398
10202
4996
9643
9632
1795
9716
7761
1536
9378
7821
11448
7731
8065
9629
9659
9094
10577
9324
9726
9611
6437
10240
7837
10635
11498
11401
8028
1816
9469
7948
9756
10502
7869
9403
1575
8399
1583
8266
8758
3852
9614
7337
8897
11383
9445
8542
10474
10609
10560
10612
10233
10480
4064
4858
2852
8197
10536
10999
10645
9599
6877
10194
9460
10601
10187
9483
9216
1640
11414
8160
10628
8196
9630
7557
9395
10571
9218
10692
10551
4625
9717
11351
11408
8487
11417
1687
9402
10174
10680
9635
1508
6857
8892
9455
9554
9642
9513
6772
7059
11437
7823
9243
10650
7243
9511
10697
9645
8081
10583
9209
8146
1843
9710
11424
9286
6848
11405
9000
9674
10545
11367
9839
10605
8181
11485
4114
10108
10222
9409
10106
7957
8879
10992
8403
1511
8045
8771
9696
9598
11349
9751
10078
11468
4914
9768
10602
11465
8610
9691
7665
11386
8043
7920
9576
9043
10709
10245
9185
10549
8599
8686
10627
11392
11469
9249
7711
8116
9727
10210
10244
11483
8113
1568
2769
10593
7803
8380
10256
6858
10600
10599
9762
10704
8506
1718
11363
11341
11409
10216
9607
10626
9514
11379
9781
10509
10085
10607
10582
11492
11475
10534
3143
1626
1593
11360
9235
9585
11402
7890
9112
10900
11427
7141
10569
8379
9206
7038
1625
8699
3011
6886
11376
8126
7600
8904
9260
7871
7959
9690
10572
11404
11343
9530
9785
9673
9134
11348
9605
3926
8381
2767
10548
11446
1698
11438
8905
8530
10523
9559
11391
2833
4421
1530
6927
7558
10584
10504
8098
7927
6591
10147
11412
11449
11374
11380
9032
11406
11410
7780
10589
9718
9676
10201
2835
8064
10555
11428
11003
11462
9591
9033
11355
3588
10623
6915
9515
9662
9665
1892
9196
9806
8515
9220
7119
1688
10532
11387
9264
8169
1560
9826
11458
9343
9428
7926
11372
4859
9677
8010
9608
10595
8090
8063
10510
11439
4712
1513
6829
10167
9394
1569
7829
6693
1717
9261
8580
8024
9784
9120
7747
9628
10413
9484
10606
9884
9461
7956
6135
8009
3009
8079
9195
10221
6664
11347
7501
9730
8424
9567
11378
7643
4998
9549
7534
11444
9412
10184
10631
8889
1631
10557
7441
9653
10622
11497
7822
1804
10705
7781
7709
7374
1542
10456
8159
9604
10334
10701
11368
7955
1677
9600
9541
11400
6536
1524
4373
7776
9194
11420
11377
8210
11464
11433
7023
8292
11467
6491
9770
8857
10200
10960
9512
7958
5243
6856
6817
11473
7849
9798
1503
11461
9219
8011
4915
8278
9470
9660
10550
10625
Window 4
9666
9652
10547
9257
5041
11525
8572
11657
9044
11415
9818
5976
6933
9531
9370
11643
10023
11364
7892
10246
9276
11880
10618
11878
11362
10629
6878
9697
11353
8355
11421
11871
9823
11504
8125
7763
9612
10234
9479
9587
11739
11848
7802
7644
11683
10611
9487
8523
6724
11393
11811
8885
9679
11836
11523
9302
11679
11357
8030
11729
11388
10185
6866
10006
11435
11418
9646
11499
11507
7994
8078
9724
10632
10570
11859
9326
11659
8097
11648
7687
11654
9259
11493
11517
11602
9654
10134
10624
9542
10215
11429
11436
6949
10236
10538
11591
8502
9035
8008
9285
6766
11490
11709
11653
9476
10636
10214
8029
9933
11745
7760
10644
11797
9686
10173
3012
9207
6551
9492
11715
9667
5083
10239
11555
11548
10539
11552
7746
11789
9184
8881
7824
10703
4509
11681
9606
10603
9349
10590
9634
10228
9558
11631
11532
9493
11658
6900
11358
11432
2768
11917
9325
7533
11630
8012
11561
11369
11340
6984
10183
9494
11366
8214
11637
11680
11451
11344
9063
4916
2793
6498
9376
10698
11488
7980
9619
11537
9250
8083
9769
9156
11454
6503
11870
9510
11674
7590
10526
11397
11617
10019
11824
8115
9566
9586
9258
11425
7706
6899
11579
11384
11345
9396
9456
7981
10581
9613
11511
9668
8895
6849
11562
7654
7676
9379
10219
11667
11673
8080
9477
9780
7996
9601
7853
8687
10580
10146
10186
9582
9350
8183
11371
9371
9723
11666
11707
11342
11717
3815
10562
11772
11530
6512
9577
8630
11423
9245
11726
7978
6692
11627
10610
10514
11670
10544
11365
7882
11441
7979
10759
11829
10227
11540
11780
9126
10615
11570
11407
11390
10241
11416
6592
11546
9536
11651
9835
10616
10576
7666
5199
11691
9997
10157
9565
11422
10010
11911
11609
6698
10656
10032
9711
11543
8893
10620
11373
8044
10604
11431
10681
7732
9548
8194
7813
9571
8091
10418
10621
10553
11430
5084
6999
10575
9568
9521
11346
10141
9055
9812
11816
11434
8557
5926
2832
4997
11359
9251
11474
11426
11716
8112
11352
11779
10554
6839
9569
11869
9849
10154
10122
11356
2897
9648
11350
11466
10630
9311
8046
11577
11601
9301
9351
10682
9499
9447
9593
10917
11403
10276
6543
10579
6914
9540
9377
9520
11512
7655
9560
9217
9708
9658
9506
10257
9364
8983
7908
10617
11703
8144
9655
10459
9692
11893
10217
10686
11459
11375
11394
8611
9310
6907
11361
11650
9034
7174
11672
8409
10508
6530
8114
4759
7800
9323
6934
11594
8279
11354
11381
11521
11785
10594
7571
9610
11638
9687
11687
9172
11886
11382
10460
9581
8096
7762
11777
9278
5042
11787
11370
8554
8195
8128
7729
11852
8003
8354
4113
9592
5082
9227
10543
9584
7852
11527
9017
11395
11396
11522
9703
10573
11782
7140
10597
11656
11798
11671
11678
9680
10561
11586
11503
11413
9663
11699
11693
8639
4162
9164
11677
6473
11385
11452
11934
10552
10585
8211
10586
10519
6983
11795
7858
8082
11411
11686
9366
10168
8198
9570
7997
7840
6868
10566
10613
7799
7814
9678
10107
11711
9712
8772
8484
9464
9709
11649
7710
11399
11455
9427
11445
9392
9704
11761
10161
9263
11389
11450
7995
11419
7461
7993
11832
11453
6898
9539
11861
9575
11398
10202
4996
9643
11558
11938
9716
7761
11652
11742
9378
7821
11448
11560
7731
8065
9659
9094
10577
9324
9726
9611
10240
7837
10635
11498
11401
8028
11533
9469
7948
9756
10502
7869
11564
9403
8399
8266
3852
9614
7337
8897
11383
9445
8542
10474
10609
11578
10560
10612
11635
10233
10480
11858
4064
4858
2852
11706
8197
10536
10999
9599
6877
10194
10601
11684
10187
9483
9216
11688
11732
11414
11603
8160
10628
11604
11877
8196
9630
11572
7557
9395
10571
9218
10692
10551
11534
4625
9717
11351
11408
8487
11417
9402
10174
10680
9635
6857
8892
9455
9554
9642
9513
6772
11830
7059
11437
11788
7823
9243
10650
7243
9511
10697
11636
6483
9645
8081
10583
9209
10542
8146
9710
11424
9286
11556
11575
11634
6848
11405
9000
11665
9674
11776
10545
11367
9839
10605
11584
8181
11485
4114
10222
9409
7957
8879
10992
8403
11655
8045
8771
11773
9696
9598
6697
11349
11557
9751
10078
11580
7825
11468
11765
4914
9768
10602
11465
8610
9691
11700
11629
7665
11386
8043
11622
7920
9576
9043
10709
11538
10245
11806
9185
10549
8599
8686
10627
11392
11664
11469
11724
9249
7711
8116
9727
11514
10210
10244
11483
11884
8113
2769
10593
7803
8380
10256
6858
10600
10599
9762
10704
8506
11363
11341
11409
10216
11660
11500
9607
11704
11850
10626
9514
11379
11682
9781
10509
11872
10085
10607
10582
11492
11475
10534
11759
11360
9235
9585
11402
7890
9112
10900
11427
7141
10569
8379
9206
7038
11725
8699
11781
3011
6886
11376
4566
8126
7600
8904
9260
7871
7959
9690
10572
11404
11343
11516
9530
11599
11610
9785
9673
9134
11348
9605
3926
8381
2767
10548
11446
11438
11576
8905
8530
11719
10523
9559
11391
2833
11641
11720
11882
4421
11645
11685
6927
7558
10584
10504
8098
11581
11510
7927
6879
6591
10147
11412
11449
11374
11506
11502
11380
9032
11406
11410
11625
7780
10589
9718
9676
10201
2835
11755
8064
10555
11428
11003
11462
9591
9033
11355
3588
10623
6915
9515
9662
11669
9665
9196
11513
9806
8515
9220
7119
10532
11387
11803
9264
8169
11628
11690
9826
11458
9343
9428
7926
11372
4859
9677
8010
9608
10595
8090
11582
11675
8063
10510
11439
4712
11515
6829
10167
9394
7829
11867
6693
9261
8580
8024
9784
9120
7747
10381
9484
10606
11903
9884
9461
7956
8009
3009
11734
8079
9195
10221
6664
11864
11347
11713
7501
9730
8424
11826
9567
11642
11378
7643
4998
9549
5735
7534
11444
11794
9412
11712
10184
10631
8889
11661
10557
7441
11863
9653
10622
11497
7822
11587
10705
7781
7709
7374
8159
9604
10334
10701
11640
11368
7955
9509
9600
11866
11865
9541
11400
6536
4373
7776
9194
11876
11420
11377
8210
11464
11433
7023
8292
11467
6491
11837
9770
8857
10200
10960
9512
7958
5243
6856
6817
11473
7849
9798
11461
9219
8011
4915
8278
9470
9660
10550
10625
11899
Window 5
9666
9652
10547
9257
5041
11525
8572
11657
9044
11415
9818
5976
6933
9531
9370
11643
10023
11364
7892
10246
11880
10618
11878
11362
10629
6878
9697
11353
8355
11421
11871
11504
8125
7763
9612
10234
9479
9587
11739
11848
7802
7644
11683
10611
9487
8523
11393
11811
8885
9679
11836
11523
9302
11679
11357
8030
11729
11388
10185
6866
10006
11435
11418
9646
11499
9474
11507
7994
8078
9724
10632
10570
11859
9326
11659
8097
11648
7687
11654
9259
11493
11517
11602
9654
10134
10624
9542
7525
10215
11429
11436
6949
10236
10538
11591
8502
9035
8008
9285
6766
11490
11709
11653
9476
10636
10214
8029
9933
11745
7760
10644
11797
9686
10173
3012
9207
6551
9492
11715
9667
5083
10239
11555
11548
10539
11552
7746
11789
9184
8881
7824
10703
4509
11681
9606
10603
9349
10590
9634
10228
9558
11631
11532
9493
11658
6900
11358
11432
2768
11917
9325
7533
11630
8012
11561
11369
11340
6984
10183
9494
11366
8214
11637
11680
11451
11344
9063
4916
2793
6498
9376
10698
11488
7980
9619
11537
9250
8083
9769
9156
11454
11870
9510
11674
7590
10526
11397
11617
10019
11824
8115
9566
9586
9258
11425
7706
6899
11579
11384
11345
9396
9456
7981
10581
9613
11511
9668
8895
6849
11562
7676
9379
10219
11667
11673
8080
9477
9780
7996
9601
7853
8687
10580
10146
10186
9582
9350
8183
11371
9371
9723
11666
11707
11342
12262
11717
3815
10562
11772
11530
6512
9577
8630
11423
9245
11726
7978
6692
11627
10610
10514
11670
10544
11365
7882
11441
7979
10759
11829
8470
10227
11540
11780
9126
10615
11570
11407
11390
10241
11416
6592
11546
9536
11651
9835
10616
10576
7666
5199
11691
9997
10157
9565
11422
10010
11911
11609
6698
10656
10032
9711
11543
8893
10620
11373
8044
10604
11431
10681
7732
9548
8194
7813
9571
8091
10418
10621
10553
11430
5084
6999
10575
9568
9521
11346
10141
9055
9812
11816
11434
8557
5926
2832
4997
11359
9251
11474
11426
11716
8112
11352
11779
10554
6839
9569
11869
9849
10154
10122
11356
2897
9648
11350
11466
10630
9311
8046
11577
11601
9301
9351
10682
9499
9447
9593
10917
11403
10276
6543
10579
6914
9540
9377
9520
11512
7655
9560
9217
9708
9658
9506
12252
10257
9364
8983
7908
10617
11703
8144
9655
10459
9692
11893
10217
10686
11459
11375
11394
8611
9310
6907
11361
11650
9034
7174
11672
8409
10508
6530
8114
4759
7800
6934
11594
8279
11354
11381
11521
11785
10594
7571
9610
11638
9687
11687
9172
11886
11382
10460
9581
8096
7762
11777
9278
5042
11787
11370
8554
8195
8128
7729
11852
8003
8354
4113
9592
5082
9227
10543
9584
7852
11527
9017
11395
11396
11522
9703
10573
11782
7140
10597
11656
11798
7826
11671
11678
9680
10561
11586
11503
11413
9663
11699
11693
8639
4162
9164
11677
6473
11385
11452
11934
10552
10585
8211
10586
10519
6983
11795
7858
8082
11411
11686
9366
10168
8198
9570
7997
7840
6868
10566
10613
7799
7814
9678
10107
11711
9712
8772
8484
9464
9709
11649
7710
11399
11455
9427
11445
9392
9704
11761
10161
9263
11389
11450
7995
11419
7461
7993
11832
11453
6898
9539
11861
9575
11398
10202
4996
9643
11558
11938
9716
7761
11652
11742
9378
7821
11448
11560
7731
8065
9659
9094
10577
9324
9726
9611
10240
7837
10635
11498
11401
8028
11533
9469
7948
9756
10502
7869
11564
9403
8399
8266
3852
9614
7337
8897
11383
9445
8542
10474
10609
11578
10560
10612
11635
10233
10480
11858
4064
4858
11706
8197
10536
10999
9599
6877
10194
10601
11684
10187
9483
9216
11688
11732
11414
11603
8160
10628
11604
11877
8196
9630
11572
7557
9395
10571
9218
10692
10551
11534
4625
9717
11351
11408
8487
11417
9402
10174
10680
9635
6857
8892
9455
9554
9642
9513
6772
11830
7059
11437
11788
7823
9243
10650
7243
9511
10697
11636
6483
9645
8081
10583
9209
10542
8146
9710
11424
9286
11556
11575
11634
6848
11405
9000
11665
9674
11776
10545
11367
9839
10605
11584
8181
11485
4114
10222
9409
7957
8879
10992
8403
11655
8045
8771
11773
9696
9598
6697
11349
11557
9751
10078
11580
7825
11468
11765
4914
9768
10602
11465
8610
9691
11700
11629
7665
11386
8043
11622
7920
9576
9043
10709
10245
11806
9185
10549
8599
8686
10627
11392
11664
11469
11724
9249
7711
8116
9727
11514
10210
10244
11483
11884
7526
8113
2769
10593
7803
8380
10256
9497
6858
10600
10599
9762
10704
10558
8506
11363
11341
11409
10216
11660
11500
9607
11704
11850
10626
9514
11379
11682
9781
10509
11872
10085
10607
10582
11492
11475
10534
11759
11360
9235
8330
9585
11402
7890
9112
10900
11427
7141
10569
8379
9206
7038
11725
8699
11781
3011
6886
11376
4566
8126
7600
8904
9260
7871
7959
9690
10572
11404
11343
11516
9530
11599
11610
9785
9673
9134
11348
9605
3926
8381
2767
10548
11446
11438
11576
8905
8530
11719
10523
9559
11391
2833
11641
11720
11882
4421
11645
11685
6927
7558
10584
10504
8098
11581
11510
7927
6879
6591
10147
11412
11449
11374
11506
11502
11380
9032
11406
11410
11625
7780
10589
9718
9676
10201
2835
11755
8064
10555
11428
11003
11462
9591
9033
11355
3588
10623
6915
9515
9662
11669
9665
9196
11513
9446
9806
8515
9220
7119
10532
11387
11803
9264
8169
11628
11690
9826
11458
9428
7926
11372
4859
9677
8010
9608
10595
8090
11582
11675
8199
8063
11439
4712
11515
6829
10167
9394
7829
11867
6693
9261
8580
8024
9784
9120
7747
10381
9484
10606
11903
9884
9461
7956
8009
3009
11734
8079
9195
10221
6664
11864
11347
11713
7501
9730
8424
11826
9567
11642
11378
7643
4998
9549
5735
7534
11444
11794
9412
11712
10184
10631
8889
11661
10557
7441
11863
9653
10622
11497
7822
11587
10705
7781
7709
7374
8159
9604
10334
10701
11640
11368
7955
9509
9600
11866
11865
9541
11400
6536
4373
7776
9194
11876
11420
11377
8210
11464
11433
7023
8292
11467
6491
11837
9770
10200
10960
9512
7958
5243
6856
6817
11473
7849
9798
11461
9219
8011
4915
8278
9470
9660
10550
10625
11899
Window 6
9666
9652
10547
9257
5041
11525
8572
11657
9044
11415
12845
9818
5976
6933
9531
9370
11643
10023
11364
7892
10246
11880
10618
11878
11362
10629
6878
9697
11353
8355
11421
11871
11504
8125
7763
9612
10234
9479
9587
11739
11848
7802
7644
11683
10611
9487
8523
11393
11811
8885
9679
11590
11836
11523
9302
11679
11357
8030
11729
11388
10185
6866
10006
11435
11418
9646
11499
9474
11507
7994
8078
9724
10632
10570
11859
9326
11659
8097
11648
7687
11654
9259
11493
11517
11602
9654
10134
10624
9542
7525
10215
11429
11436
6949
10236
10538
11591
8502
9035
8008
9285
6766
11490
11709
11653
9476
10636
10214
8029
9933
11745
7760
10644
11797
9686
10173
3012
9207
6551
9492
11715
9667
5083
10239
11555
11548
10539
11552
7746
11789
9184
8881
7824
10703
4509
11681
9606
9375
10603
9349
10590
9634
10228
9558
11631
11532
9493
11658
6900
11358
11432
11917
9325
7533
11630
8012
11561
11369
11340
6984
10183
9494
11366
8214
11637
11680
11451
11344
9063
4916
6498
9376
10698
11488
7980
9619
11537
9250
8083
9769
9156
11454
11870
9510
11674
7590
10526
11397
11617
10019
11824
8115
9566
9586
9258
11425
7706
6899
11579
11384
11345
9396
9456
7981
10581
9613
11511
9668
8895
6849
11562
7676
9379
10219
11667
11673
8080
9477
9780
7996
9601
7853
8687
10580
10249
10146
10186
9582
9350
8183
11371
9371
9723
11666
11707
11342
12262
11717
3815
10562
11772
11530
6512
9577
8630
11423
9245
11726
7978
6692
11627
10610
10514
11670
10544
9626
11365
7882
11441
9363
7979
10759
11829
8470
10227
11540
11780
9126
10615
11570
11407
11390
10241
11416
6592
11546
9536
11651
9835
10616
10576
7666
5199
11691
9997
10157
9565
11422
10010
11911
11609
6698
10656
10032
9711
11543
8893
10620
9344
11373
8044
10604
11431
10681
7732
9548
8194
7813
9571
8091
10418
10621
10553
11430
5084
6999
10575
9568
9521
11346
10141
9055
9812
11816
11434
8557
5926
4997
11359
9251
11474
11426
11716
8112
11352
11779
10554
6839
9569
11869
9849
10154
10122
11356
9648
11350
11466
10630
9311
8046
11577
11601
9301
9351
10682
9499
9447
9593
10917
11403
10276
6543
10579
6914
9540
9377
9520
11512
7655
9560
9217
9708
9658
9506
12252
10257
9364
8983
7908
10617
11703
8144
9655
10459
9692
11893
10217
10686
11459
11375
11394
8611
9310
6907
11361
11650
9034
7174
11672
8409
10508
6530
8114
4759
7800
9323
6934
11594
8279
11354
11381
11521
11785
10594
7571
9610
11638
9687
11687
9172
11886
11382
10460
9581
8096
7762
11777
9278
5042
11787
11370
8554
8195
8128
7729
11852
8003
8354
4113
9592
5082
12975
9227
10543
9584
7852
11527
9017
11395
11396
11522
9703
10573
11782
7140
11656
11798
12981
7826
11671
9680
10561
11503
11413
12817
9663
11699
11693
8639
4162
9164
11677
6473
11385
11452
11934
10552
10585
8211
10586
10519
6983
11795
7858
8082
11411
11686
9366
10168
8198
9570
7997
7840
6868
10566
10613
7799
7814
9678
10107
11711
9712
8772
8484
9464
9709
11649
7710
11399
11455
9427
11445
9392
9704
11761
10161
9263
11389
11450
7995
11419
7461
7993
11832
11453
6898
9539
11861
9575
11398
10202
4996
9643
11558
9632
11938
9716
7761
11652
11742
9378
7821
11448
11560
7731
8065
9629
9659
9094
10577
9324
9726
9611
10240
7837
10635
11498
11401
8028
11533
9469
7948
9756
10502
7869
11564
9403
8399
8266
3852
9614
7337
8897
11383
9445
8542
10474
10609
11578
10560
12879
10612
11635
10233
10480
11858
4064
4858
11706
8197
10536
10999
9599
6877
10194
10601
11684
10187
9483
9216
11688
11732
11414
11603
8160
10628
11604
11877
8196
9630
11572
12341
7557
9395
10571
9218
10692
10551
11534
4625
9717
11351
11408
8487
11417
9402
10174
10680
9635
6857
8892
9455
9554
9642
9513
6772
11830
9342
7059
11437
11788
7823
9243
10650
7243
9511
10697
11636
6483
9645
8081
10583
9209
10542
8146
9710
11424
9286
11556
11575
11634
6848
11405
9000
11665
9674
11776
10545
11367
9839
10605
11584
8181
11485
4114
10222
9409
7957
8879
10992
8403
11655
8045
8771
11773
9696
9598
6697
11349
11557
9751
10078
11580
7825
11468
11765
4914
9768
10602
11465
8610
9691
11700
11629
7665
11386
8043
11622
7920
9576
9043
10709
11538
10245
11806
9185
10549
8599
8686
10627
11392
11664
11469
11724
9249
7711
8116
9727
11514
10210
10244
11483
11884
7526
8113
10593
7803
8380
10256
9497
6858
10600
10599
9762
10704
10558
8506
11363
11341
11409
10216
11660
11500
9607
11704
11850
10626
9514
11379
11682
9781
10509
11872
10085
10607
10582
11492
11475
10534
11759
11360
9235
8330
9585
11402
7890
9112
10900
11427
7141
10569
8379
9206
7038
11725
8699
11781
3011
6886
11376
4566
8126
7600
8904
9260
7871
7959
9690
10572
11404
11343
11516
9530
11599
11610
9785
9673
9134
11348
9605
11539
3926
8381
10548
11446
11438
11576
8905
8530
11719
10523
9559
11391
11641
11720
11882
4421
11645
11685
6927
7558
10584
10504
8098
11581
11510
7927
6879
6591
10147
11412
11449
11374
11506
11502
11380
9032
11406
11410
11625
7780
10589
9718
9676
10201
11755
8064
10555
11428
11003
11462
9591
9033
11355
3588
10623
6915
9515
9662
11669
9665
9196
11513
9446
9806
8515
9220
7119
10532
11387
11803
9264
8169
11628
11690
9826
11458
9343
9428
7926
11372
4859
9677
8010
9608
10595
8090
11582
11675
12943
8199
8063
10510
11439
4712
11515
6829
10167
9394
7829
11867
6693
9261
8580
8024
9784
9120
7747
12704
10381
9628
9484
10606
11903
9884
9461
7956
8009
3009
11734
8079
9195
10221
6664
11864
11347
11713
7501
9730
8424
11826
9567
11642
11378
7643
4998
9549
5735
7534
11444
11794
9412
11712
10184
10631
8889
11661
10557
7441
11863
9653
10622
11497
7822
11587
10705
7781
7374
10456
8159
9604
10334
10701
11640
11368
7955
9509
9600
11866
9541
11400
6536
4373
7776
9194
11876
11420
11377
8210
11464
11433
7023
8292
11467
11837
9770
8857
10200
10960
9512
7958
6856
6817
11473
7849
9798
11461
9219
8011
4915
8278
9470
9660
10550
10625
11899
Window 7
9666
9652
10547
9257
11525
8572
11657
9044
11415
12845
9818
5976
6933
9531
11643
10023
11364
7892
10246
9276
11880
10618
11878
11362
10629
6878
9697
11353
8355
11421
11871
11504
8125
7763
9612
10234
9479
9587
11739
11848
7802
7644
11683
10611
9487
8523
11393
11811
8885
9679
11590
11836
11523
9302
11679
11357
8030
11729
11388
10185
6866
10006
11435
11418
9646
11499
11507
7994
8078
9724
10632
10570
11859
9326
11659
8097
11648
7687
11654
9259
11493
11517
11602
9654
10134
10624
9542
7525
10215
11429
11436
6949
10236
10538
11591
8502
9035
13076
8008
9285
6766
11490
11709
11653
9476
10636
10214
8029
9933
11745
7760
10644
11797
9686
10173
9207
6551
9492
11715
9667
5083
10239
11555
11548
10539
11552
7746
11789
9184
8881
7824
10703
4509
11681
9606
9375
10603
9349
10590
9634
10228
9558
11631
11532
9493
9137
11658
6900
11358
11432
11917
9325
7533
11630
8012
11369
11340
6984
10183
9494
11366
11637
11680
11451
11344
9063
4916
6498
9376
10698
11488
7980
9619
11537
9250
8083
9769
9156
11454
11870
9510
11674
7590
10526
11397
11617
10019
11824
8115
9566
9586
9258
11425
7706
6899
11579
11384
11345
9396
9456
7981
10581
9613
11511
12430
9668
8895
6849
11562
7654
7676
9379
10219
11667
11673
8080
9477
9780
7996
9601
7853
8687
10580
10249
10146
10186
9582
9350
8183
11371
9723
11666
11707
11342
12262
11717
3815
10562
11772
11530
6512
9577
8630
11423
11726
7978
6692
11627
10610
10514
11670
10544
9626
11365
7882
11441
9363
7979
10759
11829
8470
10227
11540
11780
9126
10615
11570
11407
11390
10241
11416
6592
11546
9536
11651
9835
10616
10576
7666
5199
11691
9997
10157
9565
11422
10010
11911
11609
10656
10032
9711
11543
8893
10620
9344
11373
8044
10604
11431
10681
7732
9548
8194
7813
9571
8091
10621
10553
11430
5084
6999
10575
9568
9521
11346
10141
9055
9812
11816
11434
8557
5926
4997
11359
9251
11474
11426
11716
8112
11352
11779
10554
6839
9569
11869
9849
10154
10122
11356
9648
11350
11466
10630
9311
8046
11577
11601
9301
9351
10682
9499
9447
9593
10917
11403
10276
6543
10579
6914
9540
9520
11512
7655
9560
9217
9664
9708
9658
9506
12252
10257
9364
8983
7908
10617
11703
8144
9655
10459
9692
11893
10217
10686
11459
11375
11394
8611
9310
6907
11361
11650
9034
7174
11672
10508
6530
8114
4759
7800
9323
6934
11594
8279
11354
11381
11521
11785
10594
7571
9610
11638
9687
11687
9172
11886
11382
10460
9581
8096
7762
11777
9278
5042
11787
11370
8554
8195
8128
7729
11852
8003
8354
4113
9592
5082
12975
9227
10543
9584
7852
11527
9017
11395
11396
11522
9703
10573
11782
7140
11656
11798
12981
7826
11671
9680
10561
11586
11503
11413
9663
11699
11693
8639
4162
9164
11677
6473
11385
11452
11934
10552
10585
8211
10586
10519
6983
11795
7858
8082
11411
11686
10168
8198
9570
7997
7840
6868
10566
10613
7799
7814
9678
10107
11711
9712
8772
8484
9464
9709
11649
7710
11399
11455
9427
11445
9392
9704
11761
10161
9263
11389
11450
7995
11419
7993
11832
11453
6898
9539
11861
9575
11398
10202
9643
9113
11558
9632
11938
9716
7761
11652
11742
9378
7821
11448
11560
7731
8065
9629
9659
9094
10577
9324
9726
9611
10240
7837
10635
11498
11401
8028
11533
9469
7948
9756
10502
7869
11564
9403
8399
8266
3852
9614
7337
8897
11383
9445
8542
10474
10609
11578
10560
12879
10612
11635
10233
10480
11858
4064
4858
11706
8197
10536
10999
9599
6877
10194
9460
10601
11684
10187
9483
9216
11688
11732
11414
11603
8160
10628
13041
11604
11877
8196
9630
11572
12341
7557
9395
10571
9218
10692
10551
11534
4625
9717
11351
11408
8487
11417
9402
10174
10680
9635
6857
8892
9455
9554
9642
9513
6772
11830
9342
7059
11437
11788
7823
9243
10650
7243
9511
10697
11636
13169
9645
8081
10583
9209
10542
8146
9710
11424
9286
11556
11575
11634
6848
11405
9000
11665
9674
10545
11367
9839
10605
11584
8181
11485
4114
10222
9409
7957
8879
8403
11655
8045
8771
11773
9696
9598
11349
11557
9751
10078
11580
7825
11468
4914
9768
10602
11465
8610
9691
11700
11629
7665
11386
8043
11622
7920
9576
9043
10709
11538
10245
11806
9185
10549
8599
8686
10627
11392
11664
11469
11724
9249
7711
8116
9727
11514
10210
11676
10244
11483
11884
7526
8113
10593
7803
8380
10256
9497
6858
10600
10599
9762
10704
10558
8506
11363
11341
11409
10216
11660
11500
9607
11704
11850
10626
9514
11379
11682
9781
10509
11872
10085
10607
10582
11492
11475
10534
11759
11360
9585
11402
7890
9112
10900
12310
11427
7141
10569
8379
9206
7038
11725
8699
11781
6886
11376
4566
8126
7600
8904
9260
7871
7959
9690
10572
11404
11343
11516
9530
11599
11610
9785
9673
9134
11348
9605
11539
3926
8381
10548
11446
11438
11576
8905
8530
11719
10523
9559
11391
11641
11720
11882
4421
11645
11685
6927
10226
7558
10584
10504
8098
11581
11510
7927
6879
6591
10147
11412
9603
11449
11374
11506
11502
11380
9032
11406
9139
11410
11625
7780
10589
9718
9676
10201
11755
8064
10555
11428
11003
11462
9591
9033
11355
3588
10623
6915
9515
9662
11669
9665
9196
11513
9446
9806
9220
7119
10532
11387
11803
9264
8169
11628
11690
9826
9165
11458
9343
9428
7926
11372
4859
9677
8010
9608
10595
8090
11582
11675
12943
8199
8063
10510
11439
4712
11515
6829
10167
9394
7829
11867
6693
9261
8580
8024
9784
9120
7747
12704
10381
9628
9484
10606
11903
9884
9461
7956
8009
11734
8079
9195
10221
6664
11864
11347
11713
7501
9730
8424
11826
9567
11642
11378
7643
4998
9549
7534
11444
11794
9412
11712
10184
10631
8889
11661
10557
7441
11863
9653
10622
11497
7822
11587
10705
7781
7374
10456
8159
9604
10334
10701
11640
11368
7955
9509
9600
11866
9541
11400
6536
4373
7776
9194
11876
11420
11377
8210
11464
11433
7023
8292
11467
13146
11837
9770
8857
10200
10960
9512
7958
6856
6817
11473
7849
9798
11461
9219
10235
8011
13023
4915
8278
9470
9660
10550
10625
11899
Window 8
9666
9652
10547
9257
11525
8572
11657
9044
11415
12845
9818
6933
9531
11643
10023
11364
7892
10246
9276
11880
10618
11878
11362
10629
13977
6878
9697
11353
8355
11421
11871
11504
8125
7763
9612
10234
9479
9587
11739
11848
7802
11683
10611
9487
8523
11393
11811
8885
9679
13619
11590
11836
13986
11523
9302
11679
11357
8030
11729
11388
10185
6866
10006
11435
11418
9646
11499
11507
7994
9724
13909
10632
10570
11859
9326
11659
8097
11648
11654
9259
11493
11517
11602
9654
10134
10624
9542
10215
13930
11429
11436
6949
10236
10538
11591
8502
9035
13076
8008
9285
6766
11490
11709
9476
10636
10214
13681
8029
9933
11745
7760
10644
11797
9686
10173
9207
6551
9492
11715
9667
5083
13658
10239
11555
11548
10539
11552
7746
11789
9184
7824
10703
4509
11681
9606
9375
10603
9349
10590
9634
10228
9558
13939
11631
11532
9493
11658
6900
11358
11432
11917
9325
11630
8012
11369
11340
6984
10183
13772
9494
11366
11637
11680
11451
11344
9063
4916
6498
9376
10698
11488
7980
9619
11537
9250
8083
9769
9156
11454
11870
9510
11674
7590
10526
11397
11617
10019
13758
13987
11824
8115
9566
9586
9258
11425
6899
11579
11384
11345
9396
9456
10581
9613
11511
12430
9668
6849
11562
7654
7676
9379
10219
11667
11673
9131
8080
9477
9780
7996
9601
8687
10580
10249
10146
10186
9582
9350
8183
11371
9723
11666
11707
11342
12262
11717
10562
11772
11530
6512
9577
8630
11423
11726
7978
6692
11627
10610
10514
11670
10544
9626
11365
7882
11441
9363
7979
10759
11829
10227
13799
11540
11780
9126
10615
11570
11407
11390
10241
11416
6592
11546
9536
11651
13513
10616
10576
5199
11691
9997
10157
9565
11422
10010
11911
11609
10656
10032
9711
11543
8893
10620
9344
11373
8044
13996
10604
11431
10681
7732
9548
8194
9571
8091
10621
10553
11430
5084
6999
10575
9568
9521
11346
10141
13901
9055
9812
11816
11434
8557
4997
11359
13964
9251
11474
11426
11716
11352
11779
10554
6839
9569
11869
9849
10154
10122
11356
9648
11350
11466
10630
9311
8046
11577
11601
9301
9351
10682
9499
9447
9593
10917
11403
10276
6543
10579
9540
9520
11512
7655
9560
9217
9664
13519
9708
9658
9506
12252
10257
9364
8983
7908
10617
11703
8144
9655
10459
9692
11893
10217
10686
11459
11375
11394
8611
9310
6907
11361
11650
9034
7174
11672
10508
6530
4759
7800
9323
6934
13716
11594
11354
11381
11521
10594
7571
9610
11638
9687
11687
9172
11886
11382
10460
9581
8096
7762
11777
9278
5042
11787
11370
8554
8195
8128
11852
8354
4113
9592
5082
12975
9227
10543
9584
7852
11527
9017
11395
11396
11522
9703
10573
11782
7140
13971
11656
11798
12981
11671
11678
9680
10561
11586
11503
11413
9663
11699
13633
11693
8639
4162
9164
11677
6473
11385
11452
11934
13676
10552
10585
8211
10586
10519
6983
11795
7858
8082
11411
11686
10168
8198
9570
13995
7840
6868
10566
10613
7799
9678
10107
11711
9712
8772
8484
9464
9709
11649
7710
11399
11455
9427
11445
9392
9704
11761
10161
9263
11389
11450
7995
11419
7993
11453
6898
9539
11861
9575
11398
10202
9643
9113
11558
9632
11938
9716
7761
11652
13981
11742
9378
7821
11448
11560
7731
8065
9629
9659
9094
10577
9324
9726
9611
10240
7837
10635
11498
11401
8028
11533
9469
7948
9756
10502
7869
11564
9403
8399
8266
9614
7337
8897
11383
9445
8542
10474
10609
11578
10560
12879
10612
11635
10233
10480
11858
4064
4858
11706
8197
10536
10999
9599
6877
10194
9460
10601
11684
10187
9483
9216
11688
11732
11414
11603
8160
13895
10628
13041
11604
11877
8196
9630
11572
12341
7557
9395
10571
9218
10692
10551
11534
4625
9717
11351
11408
8487
11417
9402
10174
10680
9635
6857
8892
9455
9554
9642
9513
6772
11830
9342
7059
11437
11788
7823
9243
10650
7243
9511
10697
11636
13169
9645
8081
10583
9209
10542
8146
9710
11424
9286
11556
11575
11634
6848
11405
9000
11665
9674
10545
11367
9839
10605
11584
8181
11485
4114
9409
7957
8879
8403
11655
8045
8771
11773
9696
9598
11349
11557
9751
10078
11580
7825
11468
4914
9768
10602
11465
8610
9691
11700
11629
11386
8043
11622
9576
9043
10709
11538
10245
11806
9185
10549
13976
8599
8686
10627
11392
13705
11664
11469
11724
9249
7711
8116
9727
11514
10210
11676
10244
11483
11884
10593
7803
8380
10256
10600
10599
9762
10704
10558
8506
11363
11341
11409
10216
11660
11500
9607
13951
11704
11850
10626
9514
11379
11682
13740
9781
10509
11872
10085
10607
10582
11492
11475
10534
13997
11759
11360
9585
11402
9112
13947
12310
11427
7141
10569
8379
9206
7038
11725
8699
11781
6886
11376
7600
8904
9260
7871
9690
10572
11404
11343
11516
9530
11599
11610
9785
9673
9134
11348
9605
11539
8381
10548
11446
11438
11576
8905
8530
11719
10523
9559
11391
13906
11641
11720
11882
4421
11645
11685
6927
10226
7558
10584
10504
8098
11581
11510
7927
6591
10147
11412
9603
11449
11374
11506
11502
11380
9032
11406
9139
11410
11625
13946
7780
13880
10589
9718
9676
10201
11755
8064
10555
11428
11003
11462
9591
13784
9033
11355
10623
6915
9515
9662
11669
13594
9665
9196
11513
9446
9806
9220
8515
7119
10532
11387
11803
9264
8169
11628
11690
9826
9165
11458
9343
9428
7926
11372
4859
9677
8010
9608
10595
8090
11582
11675
12943
8063
10510
11439
4712
11515
6829
10167
9394
7829
13966
6693
9261
8580
8024
9784
9120
7747
12704
9628
9484
10606
9884
9461
7956
8009
11734
9195
10221
6664
11864
11347
11713
7501
9730
8424
11826
9567
11642
11378
7643
4998
9549
5735
11444
11794
9412
11712
10184
10631
8889
11661
13622
10557
7441
11863
9653
10622
11497
7822
11587
10705
7781
7709
7374
10456
9604
10334
10701
11640
11368
7955
9509
9600
11866
9541
11400
6536
7776
9194
11876
11420
11377
8210
13948
11464
13991
11433
7023
8292
11467
13146
11837
9770
8857
10200
9512
7958
6856
11473
7849
9798
11461
9219
10235
8011
13023
4915
8278
9470
9660
10550
10625
11899
Window 9
9666
9652
11525
11657
9044
11415
12845
9818
14006
14445
6933
9531
11643
10023
11364
7892
10246
11880
10618
14481
11878
11362
10629
13977
6878
9697
11353
8355
11421
11871
11504
7763
9612
10234
9479
9587
11739
11848
7802
11683
10611
11393
11811
8885
9679
13619
11590
11836
13986
11523
9302
11679
11357
8030
11729
14495
11388
10185
6866
10006
11435
11418
9646
11499
11507
9724
13909
10632
10570
11859
9326
11659
11648
14454
11654
11493
11517
14036
11602
9654
14499
10624
14109
9542
10215
13930
11429
11436
6949
10236
10538
11591
8502
9035
13076
8008
9285
11490
11709
10636
10214
13681
8029
9933
11745
7760
10644
11797
9686
10173
6551
14328
9492
11715
9667
5083
13658
11555
11548
10539
11552
7746
11789
9184
7824
10703
4509
11681
9606
9375
10603
9349
10590
9634
10228
9558
13939
11631
11532
9493
11658
6900
11358
11432
11917
9325
11630
8012
14498
11369
11340
10183
13772
9494
11366
11637
11680
11451
11344
9063
4916
9376
10698
14417
11488
7980
9619
11537
8083
9769
9156
11454
11870
9510
11674
7590
14063
10526
11397
11617
10019
13758
11824
8115
9566
9586
11425
6899
11579
11384
11345
14062
9396
9456
10581
9613
11511
14092
12430
9668
6849
11562
7676
9379
10219
11667
11673
8080
9780
9601
8687
10580
10146
10186
9582
9350
8183
11371
9723
11666
11707
11342
12262
11717
10562
11772
11530
6512
9577
8630
14325
11423
11726
7978
6692
11627
10610
11670
10544
9626
11365
7882
11441
9363
7979
10759
11829
10227
13799
11540
11780
10615
11570
11407
11390
10241
11416
14487
6592
11546
9536
11651
13513
10616
10576
14285
11691
9997
10157
9565
11422
10010
11911
11609
10656
10032
9711
11543
8893
10620
9344
11373
8044
10604
11431
10681
7732
9548
9571
8091
10621
10553
11430
5084
6999
10575
9568
9521
11346
13901
9055
9812
11816
11434
8557
4997
11359
13964
11474
11426
11716
11352
11779
10554
6839
9569
11869
9849
10154
10122
11356
9648
11350
11466
10630
11577
11601
9301
9351
10682
9499
9447
9593
10917
11403
10276
6543
10579
9540
9520
11512
7655
9560
9217
13519
9708
9658
9506
12252
10257
8983
7908
10617
11703
8144
9655
10459
9692
11893
10217
10686
11459
14494
11375
11394
9310
6907
11361
11650
9034
7174
11672
10508
6530
4759
7800
9323
6934
11594
11354
11381
11521
10594
7571
9610
11638
9687
11687
9172
11886
11382
10460
9581
8096
7762
9278
5042
11787
11370
8195
11852
8354
14022
9592
5082
12975
9227
10543
9584
7852
9017
11395
11396
11522
9703
10573
11782
7140
13971
14387
11656
11798
12981
11671
11678
9680
10561
11586
11503
11413
9663
11699
13633
11693
8639
11677
6473
11385
11452
11934
13676
10552
10585
8211
10586
10519
14055
6983
11795
7858
11411
11686
10168
9570
13995
7840
6868
10566
10613
7799
9678
10107
11711
9712
8772
9464
9709
11649
7710
11399
11455
9427
11445
14390
9704
11761
10161
9263
11389
11450
7995
11419
7993
11453
6898
9539
11861
9575
11398
10202
9643
11558
9632
11938
9716
7761
11652
13981
11742
9378
7821
11448
11560
7731
8065
9629
9659
9094
10577
9324
14425
9726
9611
10240
7837
10635
11498
14393
11401
8028
11533
9469
7948
9756
10502
7869
11564
8266
9614
7337
8897
11383
8542
10474
10609
11578
10560
12879
10612
11635
14032
10233
10480
11858
4858
11706
8197
10536
10999
14084
9599
6877
14329
10194
9460
10601
11684
10187
9483
11688
11732
11414
11603
8160
10628
13041
11604
11877
8196
9630
11572
12341
7557
9395
10571
9218
10692
10551
11534
4625
9717
11351
11408
11417
14401
10174
10680
9635
6857
8892
9554
9642
9513
6772
11830
9342
7059
11437
11788
7823
9243
10650
14168
7243
9511
10697
11636
13169
9645
8081
10583
9209
14411
9710
11424
9286
11556
11575
11634
6848
11405
9000
11665
9674
10545
11367
9839
10605
11584
14489
8181
11485
7957
8879
11655
8045
8771
9696
9598
11349
11557
9751
10078
11580
11468
4914
9768
10602
11465
8610
9691
11700
11629
11386
8043
11622
14089
14480
9576
14322
10709
11538
10245
11806
9185
10549
13976
14434
8686
10627
11392
13705
11664
11469
11724
7711
8116
9727
11514
10210
11676
11483
11884
10593
7803
10256
10600
10599
9762
10704
10558
11363
11341
11409
10216
11660
11500
9607
13951
11704
11850
10626
9514
11379
11682
9781
10509
11872
10085
10607
10582
11492
11475
10534
13997
11759
11360
14439
9585
11402
9112
13947
12310
11427
7141
10569
9206
7038
11725
11781
6886
11376
7600
14470
8904
9690
10572
11404
11343
11516
9530
11599
11610
9785
9673
11348
9605
11539
10548
11446
11438
11576
8905
11719
10523
9559
11391
13906
11641
11720
11882
11645
11685
10226
14327
7558
10504
8098
11581
11510
7927
6591
10147
11412
11449
11374
11506
11502
11380
11406
11410
11625
14382
13946
7780
10589
9718
9676
10201
8064
10555
11003
11462
9591
13784
9033
11355
10623
6915
9515
9662
11669
13594
9665
11513
9806
9220
7119
10532
11387
11803
9264
11628
11690
9826
11458
9343
7926
11372
4859
9677
8010
9608
10595
8090
11582
11675
12943
8063
10510
11439
4712
11515
6829
10167
9394
7829
13966
8024
9784
12704
9628
9484
10606
9884
9461
7956
11734
10221
11864
11347
11713
7501
9730
11826
9567
11642
11378
7643
4998
9549
11444
11794
11712
10184
10631
8889
11661
13622
10557
7441
11863
9653
10622
11497
7822
11587
10705
7781
7709
7374
14257
14059
14228
9604
10334
10701
11640
11368
7955
9600
11866
9541
11400
6536
7776
11876
11420
11377
8210
13948
11464
13991
11433
7023
11467
13146
11837
9770
10200
9512
7958
6856
11473
7849
9798
11461
9219
10235
8011
13023
4915
8278
9470
9660
14014
10625
11899
