Window 0
69850
757
79977
16751
93121
8130
79194
76010
35043
84014
48565
88083
30598
47405
50879
83653
20685
79630
60509
10517
54958
22638
94589
6366
79461
78475
64373
66686
1071
50317
45227
56005
35171
21068
49063
4299
20335
53618
63547
25208
82756
2112
22737
2103
10607
45433
17661
26188
28605
86491
22814
70680
32930
62467
97667
79386
81104
18207
33281
49824
57540
54064
87807
40065
56038
53386
69823
73817
51939
78069
3679
21888
49086
10713
81440
53969
49700
24419
4289
78825
98157
74574
37134
10508
2827
26679
43134
4692
66131
37131
69812
70788
21747
22319
31880
27177
74278
29147
11660
3486
6770
54739
66444
39313
34357
98568
53462
79149
89503
80439
90047
16707
98721
24600
56239
17833
3844
98808
81365
72223
42917
64840
41644
86735
37250
48975
95582
38283
14152
14610
36401
80722
62038
13505
47990
86842
82554
71867
65816
96183
18622
45077
19217
3953
71606
29278
83894
71327
68117
19265
59622
89495
25683
52182
55756
64307
52320
9808
77142
43982
54990
2209
63070
69561
31922
98646
68692
68041
10759
42240
66582
59503
93801
76523
59519
3908
67231
50283
51463
48843
26415
30313
47206
74310
64688
12321
1365
4318
23226
10343
41239
9089
56720
47778
63591
50860
62450
51393
26836
96557
97743
71547
5451
63751
87130
88545
72523
49955
49980
88214
63885
19672
51422
66491
58194
72182
10075
93486
22588
51893
26347
21371
83798
839
54674
8191
71677
69197
83716
11712
20969
68672
55982
86212
22984
6000
23831
56792
65851
25367
46711
71197
44199
13396
288
10115
99828
12136
797
16997
17458
28989
37152
16910
5085
89380
84459
52265
84477
26580
63142
82207
90372
77777
37324
1307
60215
13078
54510
74913
38017
58762
97346
7588
55199
79575
35401
45362
76
45492
2203
91432
26884
55351
43555
26361
28757
13184
17215
94911
57138
51433
79217
86450
20828
5543
22180
63984
5597
42327
20617
35998
4825
30074
47123
40152
18791
62944
89633
37168
36061
4968
47141
30029
53912
74334
40628
51145
94493
28354
49596
50244
27940
6297
77649
58948
83006
56405
58012
23663
20610
61446
12567
59685
3801
33526
16039
81524
84532
31833
59393
11837
22967
52344
63293
94503
40904
58670
59004
19249
13770
4957
47653
53296
97871
37547
33253
11400
48773
88981
54088
82433
2871
70642
51416
10195
3709
83053
26600
70164
81545
81008
22916
960
64667
33014
12997
69585
30181
77075
16074
44391
79963
71871
67657
66114
454
91138
20091
82177
31127
24214
35921
48275
67846
91669
76766
9045
5977
35233
46193
49713
89103
27780
49387
10169
88886
21980
46962
39952
68025
5099
92456
42159
27158
24236
45591
15179
76903
17611
36080
85899
98428
98827
5729
19336
89096
23429
66228
43415
1648
83195
60869
4198
1241
77219
69175
75757
26718
46327
60373
28515
27900
88448
79040
28332
99458
56846
93173
17277
17646
16620
58894
57815
17451
83806
85237
7671
5792
80196
11252
92010
38282
58827
77695
75952
6018
88405
91402
12591
58977
96371
89189
90201
51905
75853
63907
61723
69145
8833
20705
16378
78653
39181
22358
59452
84328
25699
83377
42937
63177
7086
18817
55304
22061
6567
11464
72715
74072
76673
35378
17440
34439
59424
88049
63352
77969
37404
51663
51387
27021
26489
93617
12924
57887
27372
44881
94188
32872
23715
1570
1038
27144
76746
49112
34177
26448
831
43230
56090
31783
91780
76848
54075
8325
68522
23928
12063
54701
78135
51825
62723
64545
88684
44339
46700
54155
82883
55768
76218
30112
39279
33162
88002
52752
21291
6348
13144
72308
72895
32968
11200
14162
31533
47586
43822
58617
82006
24056
58925
58773
7683
72583
25508
32812
39892
63997
54686
69958
6322
77504
21670
88109
25853
58056
7930
60910
51701
55327
41646
37072
34292
96615
14242
74859
68949
76811
21713
86053
17843
23452
57166
70025
98057
57804
86759
32832
53951
35577
91027
18155
56248
81371
97169
78326
24400
88408
34235
46155
36695
60670
90566
21628
72382
77237
75402
83330
61561
1924
47687
46134
43298
75273
6866
27582
70047
86055
92852
89801
8738
7707
6533
2804
58648
42946
42149
11762
69605
40723
72505
2101
69224
81552
20551
36757
79369
4626
36573
45006
20284
65803
23583
40735
28480
1492
49434
2061
50858
7493
63526
2400
1938
13189
75467
47599
62713
45079
51521
73730
25706
28307
3843
45914
66471
80387
3164
96599
87427
43393
47957
63657
8813
74593
51946
53626
21094
99796
67179
95902
983
95814
13971
9710
69157
31235
60601
77810
98024
5695
19146
55848
22682
18337
98325
47501
49074
47834
5223
60689
7111
8006
13358
41968
11933
14694
98565
2230
67570
54373
7038
86747
83733
16258
32995
41871
9796
35470
67409
72022
49457
27562
23203
28359
52083
37005
3634
59451
1876
23161
54027
3289
29370
53346
56504
32461
73622
13914
10899
36149
62449
42717
1534
87171
85354
32440
41061
94783
95149
43264
16251
76154
59263
83061
72941
31362
21354
3665
95859
45454
35733
83399
48624
16349
13460
49711
91276
28577
66170
51205
50911
35344
94096
73405
91131
28454
69912
16320
40790
78076
28782
94238
30526
81697
38667
Window 1
69850
79977
16751
93121
8130
79194
76010
35043
84014
48565
88083
30598
47405
50879
83653
20685
79630
60509
10517
54958
100105
22638
94589
6366
79461
78475
103356
64373
66686
50317
45227
56005
35171
21068
49063
20335
53618
63547
25208
82756
22737
10607
45433
17661
26188
28605
86491
22814
70680
32930
62467
97667
79386
81104
18207
33281
49824
57540
54064
87807
40065
56038
53386
100963
69823
73817
51939
78069
21888
49086
10713
81440
53969
49700
24419
78825
98157
103642
74574
37134
10508
26679
43134
66131
37131
69812
70788
21747
22319
31880
27177
74278
29147
11660
6770
54739
102809
66444
39313
34357
98568
53462
79149
89503
80439
90047
16707
98721
24600
56239
17833
98808
81365
72223
42917
101385
64840
41644
86735
37250
48975
95582
38283
14152
14610
36401
80722
62038
13505
47990
86842
82554
71867
65816
96183
18622
45077
19217
71606
29278
83894
71327
62547
68117
19265
59622
89495
25683
52182
55756
64307
52320
9808
102421
77142
43982
54990
63070
69561
31922
98646
68692
104674
68041
10759
42240
66582
59503
93801
76523
59519
100288
67231
50283
51463
48843
26415
30313
47206
74310
64688
12321
23226
10343
41239
9089
56720
100123
47778
63591
50860
62450
51393
26836
96557
97743
11544
71547
5451
63751
87130
88545
72523
49955
49980
88214
63885
19672
51422
66491
58194
72182
10075
93486
22588
51893
26347
21371
83798
54674
8191
71677
69197
83716
11712
20969
68672
55982
86212
22984
6000
103264
23831
56792
65851
104159
25367
46711
71197
44199
13396
10115
99828
12136
16997
17458
28989
37152
103299
5085
103940
89380
84459
52265
84477
7294
26580
63142
82207
90372
77777
37324
60215
13078
54510
74913
38017
58762
97346
7588
55199
79575
35401
45362
101849
45492
91432
26884
55351
43555
26361
28757
13184
17215
94911
57138
51433
79217
86450
20828
5543
22180
63984
5597
42327
20617
100163
35998
30074
104405
47123
40152
18791
62944
89633
37168
36061
47141
30029
53912
74334
40628
51145
94493
28354
49596
50244
27940
6297
77649
58948
83006
56405
103987
58012
23663
20610
61446
12567
59685
33526
16039
81524
84532
31833
59393
104579
11837
22967
52344
63293
94503
40904
58670
59004
19249
13770
47653
53296
97871
37547
101272
33253
11400
48773
88981
54088
82433
70642
51416
10195
83053
26600
70164
81545
81008
22916
64667
33014
12997
69585
30181
77075
16074
44391
79963
71871
67657
66114
91138
20091
82177
31127
24214
35921
48275
67846
91669
76766
9045
5977
35233
46193
49713
89103
27780
49387
10169
104957
88886
21980
46962
39952
68025
5099
92456
42159
27158
24236
45591
15179
76903
17611
100331
36080
85899
98428
98827
5729
19336
89096
53032
23429
66228
43415
83195
60869
77219
69175
75757
26718
46327
60373
28515
27900
88448
79040
28332
99458
56846
93173
17277
102562
17646
102784
16620
58894
102249
57815
17451
83806
85237
7671
5792
80196
11252
92010
38282
100669
58827
77695
75952
6018
88405
91402
12591
58977
96371
89189
90201
51905
63907
61723
69145
8833
20705
16378
78653
39181
103082
100319
22358
59452
84328
25699
83377
42937
63177
7086
100463
18817
55304
22061
6567
11464
72715
74072
76673
35378
17440
34439
59424
88049
63352
77969
37404
51663
51387
27021
26489
103886
93617
12924
57887
27372
44881
94188
32872
23715
27144
76746
49112
34177
26448
43230
56090
31783
91780
76848
54075
8325
68522
23928
12063
54701
78135
51825
62723
64545
88684
44339
46700
54155
82883
55768
76218
30112
39279
33162
88002
52752
21291
6348
13144
72308
72895
32968
11200
14162
31533
47586
43822
58617
82006
24056
58925
58773
7683
72583
25508
32812
63997
54686
69958
6322
77504
21670
88109
25853
58056
7930
60910
51701
55327
41646
37072
34292
96615
14242
74859
68949
76811
21713
86053
17843
23452
57166
70025
57804
86759
32832
104065
53951
35577
91027
18155
56248
81371
97169
78326
24400
88408
34235
46155
36695
60670
90566
21628
72382
77237
103541
75402
101396
104484
61561
47687
46134
43298
100281
75273
27582
70047
86055
92852
89801
8738
7707
6533
100706
58648
42946
42149
11762
69605
40723
72505
69224
81552
20551
36757
79369
36573
45006
20284
65803
23583
40735
28480
49434
50858
7493
63526
13189
75467
47599
62713
45079
51521
73730
25706
28307
45914
66471
80387
96599
87427
43393
47957
63657
8813
74593
51946
53626
21094
99796
67179
95902
95814
13971
9710
69157
31235
60601
77810
98024
5695
19146
55848
22682
18337
98325
47501
49074
47834
5223
60689
7111
8006
13358
41968
11933
14694
98565
67570
54373
7038
86747
83733
16258
32995
41871
9796
35470
67409
72022
49457
27562
23203
28359
52083
37005
59451
23161
54027
104162
29370
53346
56504
32461
73622
102133
13914
10899
36149
62449
42717
87171
85354
32440
41061
94783
95149
16251
76154
59263
83061
72941
31362
21354
95859
45454
35733
83399
103784
48624
16349
13460
49711
91276
28577
66170
51205
50911
35344
94096
73405
91131
28454
69912
16320
40790
78076
28782
94238
30526
81697
38667
104023
Window 2
69850
79977
16751
93121
79194
76196
76010
35043
84014
48565
88083
30598
47405
50879
32844
83653
20685
79630
33480
60509
10517
54958
100105
22638
94589
79461
78475
103356
64373
66686
50317
45227
56005
35171
21068
49063
20335
53618
63547
25208
82756
22737
10607
45433
17661
26188
28605
86491
22814
70680
32930
62467
97667
79386
81104
18207
33281
49824
57540
17328
54064
87807
40065
56038
53386
100963
69823
73817
51939
78069
108015
21888
49086
108340
10713
81440
106097
53969
49700
24419
78825
98157
103642
74574
37134
10508
26679
43134
66131
37131
69812
70788
21747
22319
31880
108999
27177
74278
29147
11660
54739
102809
66444
39313
34357
98568
53462
79149
89503
80439
90047
72713
16707
98721
24600
56239
17833
98808
81365
46347
72223
42917
101385
64840
41644
86735
37250
48975
95582
107237
38283
14152
14610
36401
80722
62038
13505
47990
86842
82554
71867
107880
65816
96183
18622
45077
19217
71606
29278
83894
71327
62547
68117
19265
59622
89495
25683
52182
55756
64307
52320
102421
77142
43982
54990
63070
109543
69561
31922
98646
68692
104674
68041
10759
42240
90755
66582
59503
93801
76523
59519
100288
67231
50283
51463
48843
26415
30313
47206
74310
64688
12321
23226
10343
41239
56720
100123
47778
63591
50860
62450
51393
26836
96557
97743
11544
71547
63751
87130
88545
72523
49955
49980
88214
63885
19672
107589
51422
66491
58194
72182
10075
93486
22588
51893
26347
21371
83798
54674
71677
69197
83716
11712
20969
68672
55982
86212
22984
103264
23831
56792
65851
104159
25367
46711
71197
44199
13396
10115
99828
12136
16997
17458
28989
37152
103299
16910
103940
89380
84459
52265
84477
26580
63142
82207
90372
77777
37324
60215
13078
109109
54510
74913
38017
58762
97346
55199
79575
35401
45362
101849
80913
45492
91432
95199
26884
55351
43555
26361
28757
13184
17215
94911
57138
51433
79217
86450
20828
22180
63984
42327
20617
100163
35998
30074
104405
47123
40152
18791
62944
89633
37168
36061
47141
30029
53912
74334
40628
51145
94493
28354
49596
50244
27940
77649
58948
106333
83006
56405
103987
58012
23663
20610
61446
12567
59685
107342
33526
16039
81524
84532
31833
59393
104579
11837
22967
52344
106428
105823
63293
94503
40904
58670
59004
19249
13770
47653
53296
97871
37547
101272
33253
11400
48773
88981
109871
54088
82433
70642
51416
10195
83053
26600
70164
81545
81008
22916
64667
33014
12997
69585
30181
77075
16074
44391
79963
71871
67657
66114
91138
20091
82177
31127
24214
35921
48275
67846
91669
76766
35233
46193
49713
89103
27780
49387
10169
104957
88886
21980
46962
39952
68025
92456
42159
27158
24236
45591
15179
76903
17611
100331
36080
85899
98428
98827
19336
89096
53032
23429
66228
43415
83195
60869
109521
107644
77219
69175
75757
26718
46327
106932
60373
28515
27900
88448
79040
28332
99458
56846
93173
17277
102562
17646
102784
16620
58894
102249
57815
17451
83806
85237
80196
11252
92010
38282
100669
58827
108347
77695
75952
88405
91402
12591
58977
96371
89189
90201
51905
75853
63907
61723
69145
20705
16378
78653
39181
106398
103082
100319
22358
59452
84328
25699
83377
42937
63177
100463
18817
55304
22061
11464
72715
74072
76673
35378
17440
34439
59424
88049
63352
77969
37404
51663
51387
27021
26489
56258
103886
93617
12924
57887
27372
44881
94188
32872
23715
27144
76746
49112
34177
26448
43230
56090
31783
91780
76848
54075
68522
108021
23928
12063
54701
78135
51825
62723
64545
88684
44339
46700
54155
82883
55768
76218
30112
39279
33162
88002
52752
21291
13144
72308
72895
75459
32968
11200
14162
31533
47586
43822
58617
82006
24056
58925
58773
72583
25508
32812
39892
106032
63997
54686
69958
77504
21670
88109
25853
58056
109535
60910
51701
55327
41646
37072
34292
96615
14242
74859
68949
76811
21713
86053
17843
23452
57166
70025
98057
57804
86759
32832
104065
25185
53951
35577
91027
18155
56248
81371
97169
78326
24400
88408
91268
34235
46155
31327
36695
60670
90566
21628
72382
77237
103541
75402
101396
104484
105675
83330
61561
47687
46134
43298
100281
75273
27582
70047
86055
92852
89801
100706
58648
42946
42149
11762
69605
40723
72505
69224
81552
20551
36757
79369
36573
108522
45006
20284
65803
106595
23583
40735
28480
49434
50858
63526
13189
75467
105594
47599
62713
45079
51521
73730
25706
106367
28307
45914
66471
80387
96599
87427
43393
47957
63657
74593
51946
53626
21094
99796
67179
95902
95814
13971
69157
31235
60601
77810
98024
19146
55848
22682
25163
18337
95413
98325
47501
49074
47834
60689
13358
41968
11933
14694
98565
67570
54373
86747
83733
16258
71489
32995
41871
35470
67409
72022
49457
27562
109810
23203
28359
52083
37005
59451
108955
23161
54027
104162
29370
53346
56504
32461
73622
102133
13914
10899
44007
36149
62449
70757
42717
87171
85354
32440
41061
94783
95149
43264
16251
76154
59263
83061
72941
31362
21354
105701
95859
106181
45454
35733
47422
83399
103784
48624
16349
13460
49711
91276
28577
66170
51205
50911
109373
109410
35344
94096
73405
91131
28454
69912
16320
40790
78076
28782
94238
30526
108858
81697
38667
104023
Window 3
69850
79977
16751
93121
79194
76196
76010
35043
84014
48565
88083
30598
47405
50879
32844
83653
20685
79630
33480
60509
54958
100105
22638
94589
79461
78475
103356
64373
66686
50317
45227
56005
35171
21068
49063
20335
53618
63547
25208
82756
22737
45433
17661
26188
28605
86491
22814
70680
32930
62467
97667
79386
81104
18207
33281
49824
57540
17328
54064
87807
40065
56038
53386
100963
69823
73817
51939
78069
108015
21888
49086
108340
81440
106097
53969
49700
24419
78825
98157
103642
74574
37134
26679
43134
66131
37131
69812
70788
21747
22319
47500
110961
31880
108999
27177
74278
113471
29147
54739
102809
66444
39313
34357
110721
98568
53462
79149
89503
80439
90047
16707
98721
24600
47051
56239
17833
98808
81365
46347
72223
42917
101385
64840
41644
86735
37250
48975
113603
95582
107237
38283
36401
80722
62038
47990
86842
82554
71867
107880
65816
110405
96183
18622
45077
19217
71606
29278
83894
71327
62547
68117
19265
59622
89495
25683
52182
55756
64307
52320
102421
77142
43982
54990
63070
109543
69561
31922
15694
98646
68692
104674
68041
42240
42202
90755
66582
59503
93801
76523
59519
100288
67231
50283
51463
48843
26415
30313
47206
74310
64688
23226
41239
56720
100123
47778
63591
17569
110802
50860
62450
51393
26836
96557
97743
71547
111803
63751
87130
88545
72523
49955
49980
88214
63885
19672
107589
110458
51422
66491
58194
72182
93486
22588
51893
26347
113777
21371
83798
110748
54674
71677
69197
83716
20969
68672
55982
86212
22984
103264
23831
56792
65851
104159
25367
46711
71197
44199
99828
16997
17458
28989
37152
103299
16910
103940
89380
84459
52265
84477
26580
63142
82207
114195
90372
77777
37324
60215
109109
112999
54510
74913
38017
58762
97346
55199
79575
35401
45362
101849
45492
91432
95199
26884
43555
26361
28757
17215
94911
57138
51433
79217
86450
20828
22180
63984
42327
20617
100163
35998
30074
104405
47123
40152
18791
62944
89633
37168
36061
47141
30029
53912
74334
40628
51145
94493
28354
49596
28077
50244
112580
27940
77649
58948
106333
83006
56405
103987
58012
104823
23663
20610
61446
59685
107342
33526
16039
81524
84532
31833
59393
104579
22967
52344
106428
105823
63293
94503
40904
58670
111814
59004
19249
113470
47653
53296
97871
37547
101272
33253
48773
88981
109871
54088
82433
70642
51416
83053
26600
70164
81545
81008
22916
64667
33014
69585
30181
77075
16074
44391
79963
71871
67657
66114
91138
20091
82177
31127
24214
35921
48275
67846
91669
76766
35233
46193
49713
89103
27780
49387
104957
88886
21980
46962
39952
68025
92456
42159
27158
24236
45591
15179
76903
17611
100331
36080
85899
98428
98827
19336
112171
89096
53032
23429
66228
43415
60869
109521
110630
107644
77219
111315
69175
75757
26718
46327
106932
60373
28515
27900
88448
79040
28332
99458
112049
56846
93173
17277
102562
17646
102784
16620
58894
102249
57815
17451
83806
85237
80196
92010
66503
38282
100669
58827
108347
113677
77695
75952
88405
91402
110584
58977
96371
89189
90201
51905
75853
63907
61723
69145
20705
16378
78653
39181
106398
103082
100319
22358
59452
84328
25699
83377
42937
63177
100463
18817
55304
22061
72715
74072
76673
35378
17440
34439
59424
88049
83012
63352
77969
37404
51663
51387
27021
26489
103886
93617
57887
27372
44881
94188
32872
23715
27144
76746
49112
34177
26448
112941
43230
56090
31783
111749
91780
76848
54075
68522
108021
23928
54701
78135
51825
62723
64545
88684
44339
46700
54155
82883
55768
76218
30112
39279
33162
88002
52752
21291
72308
72895
32968
31533
47586
43822
58617
82006
24056
58925
58773
72583
25508
32812
39892
106032
111828
63997
54686
69958
77504
21670
88109
25853
112235
58056
109535
60910
51701
55327
41646
37072
34292
96615
74859
68949
76811
21713
86053
17843
23452
57166
70025
57804
86759
32832
104065
25185
53951
35577
91027
113247
18155
56248
81371
97169
78326
24400
88408
91268
34235
46155
36695
60670
113601
90566
21628
72382
77237
103541
75402
101396
104484
105675
61561
47687
46134
43298
100281
75273
27582
70047
86055
92852
89801
100706
58648
42946
42149
69605
40723
72505
69224
81552
20551
36757
79369
36573
108522
45006
20284
65803
106595
23583
40735
28480
49434
50858
63526
75467
105594
47599
110499
62713
45079
51521
73730
25706
106367
28307
113071
45914
66471
80387
96599
87427
43393
47957
63657
74593
51946
53626
21094
99796
67179
95902
95814
69157
31235
60601
77810
98024
19146
55848
22682
25163
18337
98325
47501
49074
47834
60689
41968
113824
98565
67570
54373
86747
83733
16258
28801
32995
41871
35470
67409
72022
49457
27562
109810
23203
28359
52083
37005
59451
108955
23161
54027
104162
29370
53346
56504
32461
73622
102133
36149
62449
70757
42717
87171
85354
32440
41061
94783
95149
16251
76154
59263
83061
72941
31362
21354
105701
95859
106181
45454
35733
47422
83399
103784
48624
16349
49711
91276
28577
66170
51205
50911
109373
109410
68351
35344
94096
73405
91131
28454
69912
16320
40790
78076
28782
94238
30526
108858
81697
38667
104023
Window 4
69850
79977
117993
93121
79194
76196
76010
35043
84014
48565
115792
88083
30598
47405
50879
32844
83653
20685
79630
33480
60509
54958
100105
22638
94589
79461
78475
103356
64373
66686
50317
45227
56005
35171
118543
21068
49063
116885
20335
53618
63547
25208
82756
22737
45433
26188
28605
86491
22814
70680
32930
62467
97667
79386
81104
33281
49824
118350
57540
54064
87807
40065
56038
53386
100963
69823
73817
51939
78069
108015
21888
49086
108340
118400
116529
81440
106097
53969
49700
24419
78825
98157
103642
74574
37134
26679
43134
66131
37131
69812
70788
21747
22319
47500
110961
31880
108999
27177
74278
113471
29147
118182
54739
118357
102809
66444
39313
34357
110721
98568
53462
79149
89503
80439
90047
98721
24600
47051
56239
98808
81365
46347
72223
42917
101385
64840
41644
86735
37250
48975
113603
95582
107237
38283
36401
80722
62038
47990
86842
82554
71867
107880
65816
110405
96183
45077
71606
29278
83894
71327
62547
68117
59622
89495
25683
52182
55756
64307
52320
102421
77142
43982
54990
63070
109543
69561
31922
98646
68692
104674
68041
42240
90755
66582
59503
93801
76523
59519
100288
67231
50283
51463
48843
26415
30313
47206
74310
64688
23226
41239
56720
100123
22109
118098
47778
63591
110802
50860
62450
51393
26836
96557
97743
71547
111803
63751
87130
88545
72523
49955
49980
88214
63885
107589
110458
51422
66491
58194
72182
93486
22588
51893
26347
113777
21371
83798
110748
54674
71677
69197
83716
20969
68672
55982
86212
22984
103264
23831
56792
65851
104159
25367
46711
71197
44199
99828
28989
37152
103299
103940
89380
84459
52265
84477
26580
63142
82207
114195
90372
116195
77777
37324
60215
109109
112999
60290
54510
74913
38017
58762
97346
55199
79575
26721
35401
45362
101849
45492
91432
119579
95199
26884
55351
43555
26361
28757
94911
57138
51433
79217
86450
20828
22180
63984
42327
20617
100163
35998
30074
104405
47123
40152
62944
89633
37168
36061
116489
47141
116457
30029
53912
74334
40628
51145
94493
28354
49596
28077
50244
35403
116684
112580
115360
27940
77649
58948
26181
106333
83006
56405
103987
58012
118649
104823
23663
20610
61446
59685
107342
33526
81524
84532
31833
59393
104579
22967
52344
106428
105823
63293
94503
40904
58670
111814
59004
113470
47653
53296
37547
101272
74814
33253
48773
88981
109871
54088
82433
70642
51416
83053
26600
70164
81545
81008
22916
64667
33014
69585
30181
77075
44391
79963
71871
67657
66114
116739
91138
20091
82177
31127
24214
35921
48275
67846
91669
76766
35233
46193
49713
115223
89103
27780
49387
104957
88886
21980
46962
39952
68025
118355
92456
42159
27158
24236
115658
45591
76903
100331
36080
85899
98428
98827
112171
89096
53032
23429
66228
43415
83195
60869
109521
110630
107644
77219
111315
69175
75757
116673
26718
46327
106932
60373
28515
27900
115147
88448
119302
79040
28332
99458
112049
56846
93173
102562
38962
102784
58894
102249
57815
83806
85237
80196
92010
66503
38282
100669
58827
108347
115423
113677
77695
75952
88405
91402
110584
58977
96371
89189
90201
51905
75853
63907
61723
69145
20705
78653
119365
39181
106398
103082
100319
22358
59452
84328
25699
83377
42937
63177
100463
55304
22061
72715
74072
76673
35378
34439
59424
88049
83012
63352
77969
37404
51663
51387
27021
26489
103886
93617
57887
27372
44881
94188
32872
23715
27144
76746
49112
34177
26448
112941
43230
56090
31783
111749
91780
76848
54075
68522
108021
23928
54701
78135
51825
62723
64545
88684
44339
46700
54155
82883
55768
76218
30112
39279
33162
88002
52752
21291
72308
72895
32968
84239
31533
47586
43822
58617
82006
24056
58925
58773
72583
25508
32812
117026
106032
111828
63997
54686
115844
69958
77504
21670
88109
25853
112235
58056
109535
60910
51701
55327
41646
37072
34292
96615
115732
68949
76811
21713
86053
23452
57166
70025
98057
57804
86759
32832
104065
25185
53951
35577
91027
113247
56248
81371
97169
78326
24400
88408
91268
34235
46155
36695
60670
113601
90566
21628
72382
62646
39136
77237
103541
75402
101396
116095
104484
105675
83330
61561
47687
46134
43298
100281
75273
27582
70047
115473
86055
92852
89801
100706
58648
42946
42149
69605
40723
72505
69224
81552
20551
36757
79369
36573
108522
45006
20284
118544
65803
23583
40735
28480
49434
50858
63526
116907
75467
105594
47599
110499
62713
45079
51521
73730
25706
106367
28307
113071
45914
66471
80387
96599
87427
43393
47957
63657
74593
51946
53626
21094
99796
67179
95902
95814
69157
31235
60601
77810
98024
55848
22682
25163
98325
47501
49074
47834
60689
41968
113824
98565
92366
67570
54373
86747
83733
28801
32995
41871
35470
67409
72022
49457
27562
109810
23203
28359
52083
37005
59451
108955
119656
23161
54027
104162
29370
53346
56504
32461
73622
102133
119660
36149
62449
70757
115810
42717
87171
85354
32440
41061
94783
95149
76154
59263
83061
72941
31362
21354
105701
95859
106181
45454
35733
47422
83399
117943
103784
117565
48624
49711
91276
28577
66170
51205
50911
109373
109410
68351
35344
94096
73405
91131
28454
69912
40790
78076
28782
117137
94238
30526
108858
81697
38667
61779
116966
104023
Window 5
69850
79977
117993
93121
79194
76196
76010
35043
84014
124974
123543
48565
115792
88083
30598
47405
50879
32844
83653
79630
33480
121964
60509
54958
100105
94589
79461
78475
103356
64373
66686
50317
45227
56005
123442
35171
118543
49063
53618
120973
63547
25208
82756
45433
26188
28605
86491
70680
32930
62467
97667
79386
120301
81104
33281
49824
118350
57540
54064
87807
40065
56038
123292
53386
120752
100963
69823
73817
120089
51939
78069
108015
49086
108340
118400
116529
81440
106097
53969
124897
49700
78825
98157
103642
74574
37134
26679
43134
123395
66131
37131
69812
70788
124090
110961
31880
108999
27177
123558
74278
113471
29147
124801
118182
54739
118357
102809
66444
39313
124499
34357
110721
98568
53462
79149
89503
80439
90047
98721
56239
98808
81365
46347
72223
42917
101385
64840
41644
86735
37250
48975
113603
95582
107237
38283
80722
86842
82554
71867
107880
65816
110405
96183
45077
71606
29278
83894
71327
68117
59622
89495
25683
52182
55756
64307
120364
52320
102421
77142
43982
54990
63070
109543
31922
98646
68692
104674
68041
121681
42240
90755
59503
93801
76523
121396
59519
100288
67231
50283
51463
48843
26415
30313
47206
74310
64688
123632
41239
56720
100123
120382
118098
47778
63591
123712
110802
50860
62450
51393
26836
96557
97743
71547
63751
87130
88545
72523
49955
49980
88214
63885
107589
110458
51422
66491
58194
72182
93486
51893
26347
113777
83798
123934
110748
54674
71677
69197
83716
68672
55982
86212
103264
56792
65851
104159
25367
46711
71197
44199
99828
123852
28989
37152
103299
123665
103940
121538
89380
84459
52265
84477
26580
63142
82207
114195
90372
116195
77777
37324
60215
121061
109109
112999
54510
74913
38017
58762
97346
55199
79575
35401
45362
101849
45492
91432
119579
95199
26884
55351
43555
26361
28757
94911
57138
51433
79217
123592
86450
63984
42327
100163
35998
30074
104405
47123
40152
62944
37168
36061
116489
47141
116457
30029
53912
74334
40628
51145
94493
28354
49596
28077
35403
116684
112580
115360
27940
77649
58948
106333
83006
56405
121933
103987
58012
118649
61446
59685
107342
33526
81524
84532
59393
104579
52344
106428
105823
63293
94503
40904
58670
111814
59004
113470
47653
53296
37547
101272
33253
48773
88981
109871
54088
82433
70642
51416
83053
26600
70164
81545
81008
64667
33014
69585
30181
77075
44391
79963
71871
67657
66114
116739
91138
82177
31127
35921
48275
67846
91669
76766
35233
46193
49713
115223
89103
27780
104957
88886
46962
39952
68025
118355
92456
42159
27158
115658
45591
76903
100331
36080
85899
98428
98827
112171
89096
66228
121791
43415
83195
60869
109521
110630
107644
77219
111315
69175
75757
116673
26718
46327
106932
60373
28515
27900
115147
88448
79040
28332
99458
112049
56846
93173
102562
102784
58894
57815
123053
83806
85237
80196
92010
66503
38282
58827
115423
113677
77695
75952
88405
91402
123349
110584
58977
96371
89189
90201
51905
75853
63907
61723
69145
121285
78653
121083
106398
103082
100319
59452
84328
25699
42937
63177
100463
55304
72715
74072
76673
35378
34439
59424
88049
63352
77969
37404
51663
51387
27021
26489
103886
93617
57887
27372
44881
94188
32872
27144
76746
49112
34177
26448
112941
56090
111749
91780
76848
68522
108021
121088
54701
78135
51825
62723
64545
88684
44339
46700
54155
82883
55768
76218
30112
124183
39279
33162
88002
52752
72308
72895
32968
31533
47586
43822
58617
82006
120715
58925
58773
72583
25508
32812
117026
106032
111828
63997
54686
115844
69958
77504
88109
25853
112235
58056
109535
60910
51701
55327
124605
37072
34292
96615
115732
68949
76811
57166
70025
57804
86759
32832
104065
53951
35577
91027
113247
56248
81371
97169
122521
78326
88408
91268
34235
46155
36695
60670
90566
72382
39136
77237
103541
75402
101396
116095
104484
105675
61561
47687
46134
43298
100281
75273
27582
70047
115473
86055
92852
89801
100706
58648
42946
42149
69605
40723
72505
69224
81552
36757
79369
36573
108522
45006
118544
124461
65803
40735
28480
49434
50858
63526
121221
116907
75467
105594
47599
110499
62713
45079
51521
73730
25706
106367
28307
113071
45914
66471
80387
96599
87427
43393
47957
63657
74593
51946
53626
99796
67179
95902
95814
69157
31235
60601
77810
121496
98024
55848
25163
98325
47501
49074
47834
60689
41968
113824
98565
67570
54373
86747
83733
32995
41871
35470
67409
72022
122126
49457
27562
109810
28359
52083
37005
59451
108955
54027
104162
29370
53346
56504
120368
32461
124847
73622
102133
36149
62449
70757
115810
42717
87171
85354
32440
41061
94783
95149
76154
59263
83061
72941
105701
95859
106181
45454
35733
47422
83399
117943
103784
117565
48624
49711
91276
28577
66170
51205
50911
109410
73405
91131
28454
69912
40790
78076
28782
117137
94238
123301
30526
108858
81697
38667
116966
104023
Window 6
69850
79977
125571
117993
93121
79194
76196
76010
35043
84014
124974
123543
48565
115792
88083
30598
47405
50879
32844
83653
79630
33480
121964
60509
54958
100105
127023
94589
79461
78475
103356
64373
66686
50317
45227
56005
123442
35171
118543
49063
53618
120973
63547
128014
82756
45433
86491
70680
125724
32930
62467
97667
79386
120301
81104
33281
49824
118350
57540
54064
87807
40065
56038
123292
53386
120752
100963
69823
73817
120089
51939
78069
108015
49086
108340
118400
116529
81440
106097
53969
124897
49700
78825
126368
98157
103642
74574
37134
127619
43134
123395
66131
37131
69812
70788
124090
110961
31880
108999
123558
74278
113471
124801
118182
54739
118357
102809
66444
39313
124499
34357
110721
98568
53462
79149
89503
80439
90047
98721
56239
98808
81365
46347
72223
42917
101385
64840
41644
86735
37250
48975
113603
95582
128449
107237
38283
80722
86842
82554
71867
107880
65816
110405
96183
45077
71606
83894
71327
68117
59622
89495
52182
55756
64307
120364
52320
102421
77142
43982
54990
63070
109543
69561
31922
98646
68692
104674
68041
121681
42240
90755
59503
93801
126630
76523
121396
59519
100288
129187
67231
50283
51463
48843
30313
47206
74310
64688
123632
41239
56720
100123
120382
118098
47778
63591
123712
110802
50860
62450
51393
96557
97743
71547
63751
87130
88545
72523
49955
49980
88214
63885
107589
110458
51422
66491
58194
72182
93486
51893
113777
129591
128585
83798
123934
110748
54674
71677
69197
83716
68672
55982
86212
103264
56792
65851
104159
46711
71197
44199
99828
123852
37152
103299
123665
103940
121538
89380
84459
52265
84477
63142
82207
114195
90372
116195
77777
37324
60215
121061
109109
112999
54510
74913
38017
58762
97346
55199
79575
35401
45362
101849
45492
91432
119579
95199
55351
43555
94911
57138
51433
79217
123592
86450
63984
42327
100163
35998
30074
104405
125483
128709
47123
40152
62944
37168
36061
116489
47141
116457
30029
53912
74334
40628
51145
94493
49596
50244
35403
127969
116684
112580
115360
77649
58948
106333
83006
56405
121933
103987
58012
118649
61446
59685
107342
33526
81524
84532
59393
104579
52344
106428
105823
63293
94503
40904
58670
111814
59004
113470
47653
53296
37547
101272
33253
48773
88981
109871
54088
82433
70642
51416
83053
70164
81545
81008
64667
33014
69585
30181
77075
44391
79963
71871
67657
66114
116739
91138
82177
31127
35921
48275
67846
91669
76766
35233
46193
49713
115223
89103
104957
88886
46962
39952
68025
118355
92456
42159
115658
45591
76903
100331
36080
85899
98428
98827
112171
89096
66228
121791
43415
83195
60869
126335
109521
110630
107644
77219
111315
69175
75757
126251
116673
46327
106932
60373
115147
88448
79040
99458
112049
56846
93173
128901
102562
102784
58894
102249
57815
123053
83806
85237
80196
92010
66503
38282
58827
115423
113677
77695
126863
75952
88405
91402
123349
110584
58977
96371
89189
90201
51905
63907
61723
69145
121285
78653
39181
121083
106398
103082
100319
129661
59452
84328
129138
42937
63177
129900
100463
55304
72715
74072
76673
35378
34439
59424
88049
63352
77969
37404
51663
51387
103886
93617
57887
44881
94188
32872
76746
49112
34177
112941
56090
125231
111749
91780
125368
76848
68522
108021
121088
54701
78135
51825
62723
125101
64545
88684
44339
46700
54155
82883
55768
76218
30112
124183
39279
33162
88002
52752
126643
72308
72895
32968
31533
47586
43822
58617
82006
120715
58925
58773
72583
32812
128488
117026
106032
111828
63997
54686
115844
69958
77504
88109
112235
58056
109535
60910
51701
55327
124605
41646
37072
34292
96615
115732
128229
68949
76811
127655
57166
70025
57804
86759
32832
104065
53951
35577
91027
113247
56248
81371
97169
122521
78326
88408
91268
34235
125404
46155
36695
60670
113601
90566
72382
39136
77237
103541
75402
101396
116095
104484
105675
61561
47687
46134
43298
100281
75273
70047
115473
86055
92852
89801
100706
58648
42946
42149
125111
69605
40723
72505
69224
81552
36757
79369
36573
108522
45006
118544
124461
65803
40735
49434
50858
63526
121221
116907
75467
105594
47599
110499
62713
45079
51521
73730
106367
113071
45914
66471
80387
96599
87427
43393
47957
63657
74593
51946
53626
99796
67179
95902
126581
95814
69157
31235
60601
126770
77810
121496
98024
55848
98325
47501
49074
47834
60689
41968
113824
98565
67570
54373
86747
83733
32995
41871
35470
67409
72022
122126
49457
109810
52083
37005
59451
108955
54027
104162
53346
56504
120368
32461
124847
73622
102133
36149
62449
70757
115810
42717
87171
85354
32440
41061
94783
95149
76154
59263
83061
72941
127201
105701
95859
106181
45454
35733
83399
117943
128391
103784
117565
48624
49711
91276
66170
51205
50911
109373
109410
129601
73405
91131
69912
40790
78076
117137
94238
123301
30526
108858
81697
38667
116966
104023
Window 7
69850
79977
125571
117993
93121
79194
76196
76010
35043
84014
124974
123543
48565
115792
88083
47405
50879
83653
79630
121964
60509
54958
100105
127023
94589
79461
78475
103356
64373
66686
50317
45227
56005
123442
35171
118543
49063
121007
53618
120973
63547
128014
82756
45433
86491
70680
125724
62467
132331
97667
79386
120301
81104
133897
49824
118350
57540
54064
87807
40065
56038
123292
53386
120752
100963
69823
73817
120089
51939
78069
108015
49086
108340
118400
116529
81440
106097
53969
124897
49700
130324
130983
78825
126368
98157
103642
74574
37134
127619
43134
123395
66131
37131
69812
131035
70788
132075
124090
110961
108999
123558
74278
113471
124801
132046
118182
54739
118357
102809
66444
39313
124499
110721
98568
53462
79149
89503
125929
80439
90047
98721
56239
98808
81365
72223
42917
130125
101385
64840
41644
86735
37250
48975
113603
95582
128449
107237
38283
80722
36401
86842
82554
71867
107880
65816
110405
96183
45077
71606
83894
71327
68117
59622
89495
52182
55756
64307
120364
52320
102421
77142
43982
54990
63070
109543
69561
98646
68692
130679
104674
68041
121681
42240
131340
132244
90755
59503
93801
126630
76523
121396
59519
100288
129187
67231
50283
51463
48843
47206
74310
64688
123632
41239
56720
100123
120382
118098
47778
63591
123712
110802
50860
62450
51393
134736
96557
97743
132699
71547
63751
87130
88545
72523
49955
49980
88214
63885
107589
110458
134563
51422
66491
132985
58194
72182
93486
51893
113777
129591
128585
83798
123934
110748
54674
71677
69197
83716
68672
55982
86212
103264
56792
65851
104159
46711
71197
44199
99828
123852
37152
103299
123665
103940
121538
89380
84459
52265
84477
63142
122578
82207
114195
90372
116195
77777
37324
60215
121061
109109
112999
54510
74913
38017
58762
97346
55199
79575
35401
132147
45362
101849
80913
45492
91432
119579
133775
95199
55351
43555
94911
57138
51433
79217
123592
86450
63984
42327
100163
35998
132557
104405
125483
128709
47123
40152
62944
37168
36061
116489
47141
116457
53912
74334
40628
51145
94493
49596
50244
35403
127969
116684
112580
115360
77649
58948
106333
83006
56405
121933
103987
58012
118649
132961
61446
59685
107342
81524
84532
59393
104579
52344
106428
105823
63293
94503
40904
131281
58670
111814
59004
113470
47653
53296
130550
37547
101272
48773
88981
109871
54088
82433
70642
51416
83053
70164
81545
81008
64667
69585
130289
77075
44391
79963
71871
67657
66114
116739
91138
82177
35921
48275
67846
91669
76766
35233
46193
49713
115223
89103
104957
88886
46962
39952
68025
118355
92456
42159
115658
45591
76903
100331
36080
85899
98428
98827
112171
89096
66228
121791
43415
83195
60869
126335
109521
110630
107644
77219
111315
69175
75757
126251
116673
46327
106932
131641
60373
115147
88448
79040
99458
112049
56846
93173
128901
102562
102784
58894
102249
57815
123053
83806
85237
80196
92010
131237
38282
58827
115423
113677
77695
126863
75952
88405
91402
123349
110584
58977
96371
89189
134857
90201
51905
75853
63907
61723
69145
121285
132905
78653
39181
121083
106398
103082
100319
129661
59452
84328
129138
42937
131558
63177
129900
100463
132663
55304
72715
74072
76673
35378
59424
88049
63352
77969
37404
51663
51387
103886
93617
57887
44881
94188
76746
49112
112941
43230
56090
125231
111749
91780
125368
76848
68522
108021
121088
54701
78135
51825
62723
125101
64545
88684
44339
46700
54155
82883
55768
76218
124183
39279
88002
52752
126643
72308
72895
75459
47586
43822
58617
82006
120715
58925
58773
132738
72583
128488
39892
117026
106032
111828
63997
54686
115844
69958
77504
88109
112235
58056
109535
60910
51701
55327
124605
41646
125756
37072
96615
115732
128229
68949
76811
127655
57166
70025
98057
57804
86759
104065
53951
35577
91027
113247
56248
81371
97169
122521
78326
88408
91268
125404
46155
36695
60670
113601
90566
72382
130411
39136
77237
103541
75402
134717
101396
116095
104484
105675
83330
61561
47687
46134
43298
100281
75273
70047
115473
86055
92852
89801
100706
58648
42946
42149
125111
69605
40723
72505
69224
81552
36757
79369
36573
108522
45006
134491
118544
124461
65803
40735
49434
50858
63526
121221
116907
75467
105594
47599
110499
62713
45079
51521
73730
106367
113071
45914
66471
80387
96599
87427
43393
47957
63657
74593
51946
53626
99796
67179
95902
126581
95814
69157
60601
126770
77810
121496
98024
55848
98325
47501
49074
47834
60689
41968
113824
98565
67570
54373
86747
83733
71489
41871
35470
67409
72022
122126
49457
131292
109810
52083
37005
59451
108955
119656
54027
104162
53346
56504
120368
124847
73622
102133
119660
44007
36149
62449
70757
115810
42717
87171
85354
41061
94783
95149
76154
59263
83061
72941
127201
105701
95859
106181
45454
130107
35733
83399
117943
128391
103784
117565
133158
48624
44895
49711
91276
66170
51205
50911
109373
109410
129601
134922
94096
73405
91131
69912
40790
78076
117137
94238
123301
108858
81697
38667
116966
104023
Window 8
69850
79977
125571
117993
93121
79194
76196
76010
84014
124974
123543
48565
115792
88083
47405
50879
83653
79630
121964
60509
54958
100105
127023
94589
79461
78475
103356
64373
66686
50317
45227
56005
123442
118543
49063
121007
116885
53618
120973
63547
128014
82756
45433
86491
70680
125724
62467
132331
97667
79386
120301
81104
133897
49824
118350
57540
54064
87807
40065
56038
123292
53386
120752
100963
69823
73817
120089
51939
78069
108015
49086
108340
118400
124340
116529
81440
106097
135381
53969
124897
49700
130324
138164
130983
123808
78825
126368
98157
103642
74574
127619
43134
123395
66131
69812
131035
138147
70788
132075
138773
124090
110961
108999
123558
74278
113471
138512
124801
135189
132046
118182
54739
118357
102809
66444
124499
110721
136300
98568
53462
79149
89503
125929
80439
90047
98721
56239
98808
81365
72223
42917
130125
101385
64840
41644
86735
48975
113603
95582
128449
107237
136144
80722
62038
47990
86842
82554
71867
107880
65816
110405
96183
45077
71606
83894
71327
62547
68117
59622
89495
52182
55756
64307
120364
52320
102421
77142
43982
54990
63070
109543
69561
98646
68692
130679
104674
68041
121681
42240
131340
132244
90755
66582
59503
93801
114073
126630
76523
121396
59519
100288
136702
129187
67231
50283
51463
48843
47206
74310
64688
123632
41239
56720
100123
120382
118098
47778
63591
123712
110802
50860
62450
51393
134736
96557
97743
132699
71547
63751
87130
88545
72523
49955
49980
88214
63885
107589
110458
134563
51422
66491
132985
58194
72182
93486
51893
113777
129591
128585
83798
123934
110748
54674
71677
69197
83716
68672
55982
86212
103264
56792
65851
104159
46711
71197
44199
99828
123852
103299
123665
103940
121538
89380
84459
52265
84477
63142
82207
114195
90372
116195
77777
60215
121061
109109
112999
136248
54510
74913
58762
97346
55199
79575
132147
45362
101849
137853
45492
91432
119579
133775
95199
55351
43555
94911
57138
51433
79217
123592
86450
63984
42327
139729
100163
132557
104405
125483
128709
47123
40152
62944
89633
116489
47141
116457
53912
74334
40628
51145
94493
49596
50244
127969
116684
112580
115360
77649
58948
139990
106333
83006
56405
121933
136227
103987
58012
118649
135087
132961
61446
59685
107342
81524
84532
59393
104579
52344
106428
105823
63293
94503
40904
131281
58670
111814
59004
113470
47653
53296
130550
97871
101272
48773
88981
109871
54088
82433
70642
51416
83053
70164
81545
81008
64667
69585
130289
77075
44391
79963
71871
67657
66114
116739
91138
82177
48275
67846
91669
76766
46193
49713
115223
89103
104957
88886
46962
68025
118355
92456
42159
115658
45591
138883
76903
100331
85899
98428
98827
112171
89096
66228
121791
43415
83195
60869
126335
139459
109521
110630
107644
77219
111315
69175
75757
126251
124257
135779
135963
116673
46327
106932
131641
60373
115147
88448
79040
99458
112049
56846
93173
128901
102562
102784
58894
102249
57815
123053
83806
85237
80196
92010
131237
100669
58827
115423
135667
113677
77695
126863
75952
88405
91402
123349
110584
58977
96371
89189
134857
90201
51905
75853
63907
61723
69145
121285
132905
78653
121083
106398
103082
100319
129661
59452
84328
129138
135870
83377
42937
131558
63177
139104
129900
100463
132663
55304
72715
74072
76673
59424
88049
63352
77969
51663
51387
139804
103886
93617
57887
44881
94188
76746
120536
49112
112941
43230
56090
125231
111749
91780
125368
76848
54075
68522
108021
121088
136796
54701
78135
51825
62723
125101
64545
88684
44339
46700
54155
82883
55768
76218
124183
88002
52752
126643
72308
72895
47586
43822
58617
82006
120715
58925
58773
132738
72583
135795
128488
117026
138546
106032
111828
63997
54686
115844
69958
77504
88109
112235
58056
109535
60910
51701
55327
124605
41646
125756
136706
96615
115732
128229
74859
68949
76811
86053
127655
57166
70025
98057
57804
139978
86759
104065
53951
91027
113247
56248
81371
139138
97169
122521
78326
88408
91268
125404
46155
60670
113601
90566
135204
72382
130411
77237
103541
75402
134717
101396
116095
104484
105675
135033
83330
61561
126800
47687
46134
43298
100281
75273
70047
115473
86055
92852
89801
135778
100706
58648
42946
42149
125111
69605
40723
72505
69224
81552
138613
79369
108522
45006
134491
118544
124461
65803
106595
137507
40735
49434
50858
63526
121221
116907
75467
105594
47599
110499
62713
45079
51521
73730
106367
113071
45914
66471
80387
96599
87427
43393
47957
63657
74593
51946
53626
99796
67179
95902
126581
95814
69157
60601
126770
77810
135759
121496
98024
55848
98325
47501
49074
47834
60689
41968
113824
98565
67570
54373
86747
83733
41871
67409
72022
122126
49457
131292
109810
52083
59451
108955
119656
54027
104162
53346
56504
120368
124847
73622
102133
119660
62449
70757
115810
42717
87171
85354
137225
41061
94783
95149
43264
76154
59263
83061
72941
127201
105701
95859
106181
45454
130107
83399
136271
117943
128391
103784
117565
133158
48624
49711
91276
66170
51205
50911
109373
135249
109410
129601
134922
94096
73405
91131
69912
40790
78076
117137
94238
123301
108858
81697
139244
116966
104023
Window 9
69850
79977
125571
117993
93121
79194
76196
76010
84014
124974
123543
48565
115792
88083
47405
50879
83653
79630
121964
60509
54958
100105
127023
94589
79461
78475
103356
64373
66686
50317
45227
56005
123442
118543
49063
121007
116885
53618
143678
120973
140691
63547
128014
82756
45433
86491
70680
125724
62467
132331
97667
79386
120301
81104
133897
49824
118350
57540
54064
87807
56038
123292
53386
120752
141170
100963
69823
73817
120089
51939
78069
108015
49086
108340
118400
124340
116529
81440
106097
135381
53969
124897
49700
130324
138164
130983
123808
78825
126368
98157
103642
74574
127619
143432
123395
66131
69812
131035
138147
70788
132075
138773
124090
110961
108999
123558
74278
113471
138512
124801
135189
132046
118182
54739
118357
102809
66444
124499
110721
136300
98568
53462
79149
89503
80439
90047
98721
56239
98808
81365
72223
130125
101385
64840
86735
48975
113603
95582
128449
141257
107237
141453
136144
80722
62038
140852
47990
86842
82554
71867
107880
142375
65816
110405
96183
45077
144681
71606
83894
71327
62547
68117
59622
89495
144834
52182
55756
64307
120364
52320
102421
77142
54990
63070
109543
69561
98646
68692
130679
104674
68041
140049
121681
131340
132244
90755
66582
59503
93801
114073
126630
76523
121396
59519
100288
136702
129187
67231
50283
51463
48843
47206
74310
64688
123632
56720
100123
120382
118098
47778
63591
123712
110802
50860
62450
51393
134736
96557
97743
132699
71547
63751
87130
88545
72523
49955
49980
88214
63885
142550
107589
110458
134563
51422
66491
132985
58194
72182
93486
140492
51893
113777
129591
128585
83798
123934
110748
54674
71677
69197
83716
68672
55982
86212
142315
103264
56792
65851
104159
46711
71197
140624
99828
123852
103299
123665
103940
121538
89380
84459
52265
84477
63142
122578
82207
114195
90372
116195
77777
60215
121061
109109
112999
136248
54510
74913
58762
97346
55199
79575
132147
45362
101849
80913
137853
45492
91432
119579
133775
95199
55351
143593
94911
57138
51433
79217
123592
86450
63984
139729
100163
132557
104405
125483
128709
47123
62944
89633
116489
47141
116457
53912
74334
51145
94493
49596
50244
144037
127969
116684
112580
115360
77649
58948
139990
144530
140305
144779
106333
83006
56405
121933
136227
103987
58012
118649
135087
132961
61446
59685
107342
81524
84532
59393
104579
52344
106428
105823
63293
94503
131281
58670
111814
59004
113470
47653
53296
130550
97871
101272
48773
88981
92767
109871
54088
82433
70642
51416
83053
70164
81545
81008
64667
143609
142047
69585
130289
77075
79963
71871
67657
66114
116739
140104
91138
82177
48275
67846
91669
76766
46193
49713
115223
89103
49387
104957
88886
46962
68025
118355
92456
115658
45591
138883
76903
100331
85899
98428
140607
98827
112171
89096
53032
66228
121791
83195
60869
126335
139459
109521
110630
107644
144692
77219
111315
69175
75757
126251
124257
135779
135963
116673
46327
106932
131641
60373
144564
115147
88448
79040
99458
112049
56846
141399
93173
128901
102562
141959
102784
58894
102249
57815
123053
83806
85237
80196
92010
131237
100669
58827
108347
115423
135667
113677
77695
126863
75952
88405
91402
123349
110584
58977
96371
141142
89189
134857
90201
51905
63907
61723
69145
121285
132905
78653
121083
106398
103082
100319
140291
129661
59452
84328
129138
135870
83377
131558
63177
139104
129900
100463
132663
55304
72715
74072
76673
59424
88049
63352
77969
51663
51387
139804
56258
103886
93617
57887
94188
76746
120536
49112
112941
56090
125231
111749
91780
125368
76848
54075
68522
108021
121088
136796
54701
78135
51825
62723
125101
64545
88684
46700
54155
82883
55768
76218
124183
88002
52752
126643
72308
72895
75459
47586
58617
82006
120715
58925
58773
132738
72583
135795
128488
143466
117026
138546
106032
111828
63997
54686
115844
69958
77504
88109
141819
112235
58056
109535
60910
51701
55327
124605
125756
136706
96615
115732
128229
74859
68949
76811
86053
127655
57166
70025
57804
139978
86759
104065
53951
91027
143792
113247
56248
81371
139138
97169
122521
78326
88408
91268
125404
46155
60670
113601
90566
135204
72382
130411
77237
103541
75402
143182
134717
101396
116095
104484
105675
135033
61561
126800
47687
46134
100281
75273
70047
115473
86055
92852
89801
135778
100706
58648
125111
140541
69605
72505
69224
81552
138613
79369
108522
45006
134491
118544
124461
65803
106595
137507
49434
50858
63526
121221
116907
75467
105594
47599
110499
62713
45079
51521
73730
106367
113071
45914
66471
80387
96599
87427
47957
63657
74593
51946
53626
99796
67179
95902
126581
95814
140296
69157
143742
60601
126770
77810
135759
121496
142147
98024
55848
95413
98325
47501
49074
47834
60689
143247
113824
98565
67570
54373
86747
83733
140549
71489
67409
72022
122126
49457
131292
109810
52083
59451
108955
119656
54027
104162
53346
56504
120368
124847
73622
102133
119660
62449
70757
115810
87171
85354
137225
94783
95149
76154
59263
83061
72941
127201
105701
95859
106181
45454
130107
83399
136271
117943
140373
128391
103784
117565
133158
48624
143450
49711
91276
66170
51205
50911
109373
135249
109410
129601
134922
94096
73405
91131
69912
78076
117137
94238
123301
108858
81697
139244
116966
104023
