Window 0
21590
21641
19944
46203
21694
25157
89503
80598
97708
49628
21413
92007
80599
49747
69059
79998
37755
21874
22041
19020
80819
21821
24486
99967
39615
21983
22965
81330
20594
25156
82332
17730
21009
91808
81332
23890
80621
25181
63138
90248
99945
82343
46999
20007
23191
34190
25371
98428
12212
19649
91923
21416
22527
14982
21522
21412
57854
30476
21922
26194
99732
21765
48528
46202
58039
21834
21640
72764
99723
96650
21544
93053
99074
43277
77129
37703
99742
98105
48134
99662
6924
19279
90246
39180
25372
21452
86996
84066
89385
25401
12040
91924
45980
57792
92141
96625
22986
21420
80841
99366
80597
80594
19945
21471
98571
82330
22803
20513
82270
82953
58150
82508
21414
93816
46847
86930
47099
99724
34047
46492
21862
90914
29475
22167
24487
92142
80601
15280
19648
21974
99447
59088
21916
81796
23027
18523
93746
52172
2557
34526
93867
23199
98429
65618
87846
93751
21427
92008
88992
2556
19999
37028
34251
92319
93866
89359
82867
21699
20003
83808
87618
21632
16751
22614
18522
87661
62386
81420
99422
21946
81326
21648
58484
48619
91925
32289
22643
19418
90829
36925
21419
21980
22083
99606
20124
17477
93744
79780
82347
21665
92318
22066
82519
98194
21643
40480
25373
21228
90245
93051
23200
34495
83274
61003
90828
92984
49117
99027
25072
27631
21664
64170
25370
18883
89354
20265
18525
90915
48878
90320
16287
18138
22074
22092
24565
52381
99253
90247
93694
99255
93815
16752
24966
80595
34048
99833
22065
19230
46749
41652
16308
81825
21662
34250
41180
22356
80620
94894
21982
22232
21615
22227
93052
82349
25363
89383
23157
86844
97202
99620
91340
19996
86552
98735
22741
22917
22087
65595
99699
59089
21667
21766
25362
63170
40078
45519
58819
91527
22264
20004
24493
99368
89000
22138
21523
24027
92724
34102
26009
80602
82318
21833
53099
22389
87381
99749
19204
34494
99744
21649
24434
21633
19062
24563
64963
16672
92018
31846
49063
99252
98498
99635
21472
83888
90250
21610
99595
97313
62871
58818
16664
80842
99328
19671
97201
21642
24494
34191
89426
90249
30477
99508
16306
16307
92723
82273
22166
86843
23166
99745
85795
89425
57855
82887
22061
93681
16267
52307
57879
19676
99863
20202
17334
94901
18524
21470
80600
20201
19970
80295
37756
65619
49627
99075
92019
82509
21926
88100
17397
82346
49720
83807
90916
82782
91528
92017
97203
19834
22317
25368
21981
24028
21666
25231
34528
84397
19447
99254
22231
20486
83013
Window 1
21590
21641
19944
46203
21694
25157
80598
97708
102867
49628
21413
92007
80599
49747
69059
79998
37755
21874
22041
19020
80819
21821
24486
99967
39615
21983
22965
81330
20594
25156
82332
17730
21009
91808
81332
23890
80621
25181
63138
90248
99945
82343
46999
20007
23191
34190
25371
98428
12212
19649
91923
21416
22527
14982
21522
21412
57854
30476
21922
99732
21765
48528
46202
58039
104959
21834
21640
72764
99723
96650
21544
99074
43277
77129
37703
104755
99742
98105
48134
99662
6924
19279
39180
25372
21452
101511
86996
84066
89385
25401
12040
91924
45980
57792
92141
96625
103449
22986
21420
80841
99366
103674
80597
80594
19945
21471
98571
22803
20513
82270
58150
82508
21414
46847
86930
47099
99724
34047
46492
21862
90914
29475
22167
24487
92142
80601
15280
19648
21974
99447
102243
59088
21916
81796
23027
18523
103448
52172
34526
93867
23199
98429
65618
87846
93751
21427
92008
88992
19999
100028
37028
34251
92319
89359
21699
20003
83808
87618
21632
16751
22614
18522
62386
81420
99422
21946
81326
21648
58484
48619
91925
32289
22643
19418
36925
21419
21980
22083
99606
20124
102955
103673
17477
103450
79780
103003
21665
92318
22066
82519
21643
40480
25373
21228
90245
23200
34495
83274
61003
90828
92984
49117
99027
25072
27631
21664
64170
25370
18883
89354
20265
18525
48878
90320
16287
18138
22074
22092
24565
52381
99253
90247
99255
93815
16752
24966
80595
34048
99833
22065
104911
19230
46749
41652
16308
81825
21662
34250
41180
22356
80620
94894
21982
104548
22232
21615
22227
93052
25363
89383
23157
86844
97202
99620
91340
104750
19996
86552
104496
22741
22917
22087
65595
99699
102513
59089
21667
21766
25362
63170
40078
100885
45519
58819
91527
22264
20004
24493
99368
89000
22138
21523
24027
92724
34102
26009
80602
21833
104754
53099
101384
87381
99749
19204
34494
99744
21649
24434
21633
19062
24563
64963
16672
92018
31846
49063
99252
98498
99635
21472
83888
21610
99595
97313
62871
58818
16664
80842
99328
19671
97201
102242
21642
24494
34191
104240
30477
99508
16306
16307
104761
92723
103620
22166
101512
86843
23166
99745
85795
57855
82887
22061
16267
52307
57879
19676
99863
20202
17334
94901
18524
21470
80600
20201
19970
37756
65619
49627
99075
92019
82509
21926
17397
49720
83807
82782
91528
102595
92017
19834
22317
25368
21981
24028
21666
25231
34528
84397
19447
102956
99254
22231
20486
Window 2
21590
21641
19944
46203
21694
25157
80598
97708
102867
49628
21413
92007
80599
49747
69059
79998
37755
21874
22041
19020
80819
21821
24486
39615
105763
21983
22965
81330
20594
25156
82332
17730
21009
91808
81332
23890
80621
108753
25181
63138
82343
46999
20007
23191
34190
25371
98428
12212
19649
91923
21416
22527
109127
14982
21522
21412
57854
30476
21922
99732
21765
48528
46202
58039
104959
21834
21640
72764
99723
96650
21544
108754
99074
43277
77129
37703
104755
99742
105258
98105
48134
19279
39180
25372
21452
101511
86996
84066
25401
12040
91924
45980
57792
92141
96625
22986
21420
80841
103674
80597
80594
19945
21471
98571
22803
20513
82270
58150
82508
21414
46847
86930
47099
99724
34047
46492
21862
29475
106410
22167
24487
92142
80601
15280
19648
21974
59088
21916
81796
23027
18523
103448
52172
34526
23199
98429
65618
87846
21427
109875
92008
19999
37028
34251
92319
89359
21699
20003
83808
87618
21632
16751
22614
18522
62386
81420
21946
105023
81326
109146
21648
58484
48619
91925
32289
22643
19418
36925
109716
21419
21980
22083
99606
20124
102955
103673
17477
79780
103003
21665
22066
82519
21643
109169
40480
25373
21228
23200
34495
83274
61003
92984
49117
99027
25072
27631
21664
64170
25370
18883
20265
18525
48878
90320
16287
18138
22074
22092
24565
109132
52381
109799
93815
16752
24966
80595
34048
22065
19230
46749
41652
16308
109800
81825
21662
34250
41180
22356
80620
94894
21982
22232
21615
22227
25363
23157
86844
97202
91340
109795
104750
19996
86552
109242
22741
22917
22087
65595
102513
59089
21667
21766
25362
63170
40078
100885
45519
58819
91527
22264
20004
24493
109794
89000
22138
21523
24027
92724
34102
105364
26009
80602
21833
104754
53099
101384
87381
19204
34494
99744
21649
24434
21633
19062
24563
64963
16672
92018
108757
31846
49063
109153
98498
21472
83888
21610
97313
62871
58818
16664
80842
19671
97201
21642
24494
34191
104240
30477
16306
16307
104761
92723
103620
22166
101512
86843
23166
99745
85795
57855
82887
22061
16267
52307
57879
19676
20202
17334
94901
18524
21470
80600
20201
19970
37756
65619
49627
99075
92019
82509
21926
17397
49720
83807
91528
92017
19834
22317
25368
21981
24028
21666
25231
34528
84397
19447
102956
22231
20486
Window 3
21590
21641
19944
46203
21694
25157
80598
97708
49628
21413
92007
80599
49747
69059
79998
37755
21874
22041
19020
80819
21821
24486
39615
105763
21983
22965
81330
20594
25156
82332
17730
21009
91808
81332
23890
80621
25181
63138
82343
46999
20007
23191
34190
25371
98428
19649
91923
21416
22527
21522
21412
57854
30476
21922
99732
21765
48528
46202
58039
21834
21640
72764
99723
96650
21544
99074
43277
77129
37703
99742
105258
113440
98105
48134
19279
39180
25372
21452
101511
86996
84066
91924
45980
111680
57792
92141
22986
21420
80841
103674
80597
80594
19945
21471
98571
22803
20513
82270
58150
82508
21414
46847
86930
47099
99724
34047
46492
21862
29475
22167
24487
92142
80601
15280
19648
21974
59088
21916
81796
23027
18523
52172
34526
23199
98429
65618
87846
21427
92008
19999
113308
37028
34251
92319
21699
20003
83808
87618
21632
16751
18522
62386
81420
21946
81326
58484
48619
91925
32289
22643
19418
36925
109716
21419
111323
21980
22083
20124
102955
103673
17477
79780
103003
21665
22066
82519
21643
40480
25373
21228
23200
34495
83274
61003
92984
49117
99027
114992
25072
27631
21664
64170
25370
18883
20265
18525
48878
90320
16287
18138
22074
22092
24565
109132
52381
114991
93815
16752
24966
80595
34048
22065
19230
46749
41652
16308
81825
21662
34250
41180
22356
80620
94894
21982
22232
21615
22227
23157
86844
97202
91340
109795
111682
19996
86552
22741
22917
22087
65595
102513
59089
21667
21766
63170
40078
100885
45519
58819
91527
22264
20004
24493
109794
22138
21523
24027
92724
34102
105364
26009
80602
21833
53099
101384
87381
19204
34494
99744
21649
24434
21633
19062
24563
64963
16672
92018
113436
108757
31846
49063
98498
21472
83888
21610
97313
62871
58818
16664
80842
19671
97201
21642
24494
34191
104240
30477
16306
16307
92723
103620
22166
101512
86843
99745
85795
57855
82887
22061
16267
52307
57879
19676
20202
17334
94901
18524
21470
80600
20201
113437
19970
37756
65619
49627
99075
92019
82509
111681
21926
17397
49720
83807
91528
92017
19834
22317
25368
21981
24028
21666
25231
114990
34528
111475
84397
19447
102956
22231
20486
Window 4
21590
21641
46203
21694
25157
80598
97708
49628
21413
92007
80599
49747
69059
79998
37755
21874
22041
80819
21821
24486
39615
105763
117066
21983
22965
81330
20594
25156
82332
21009
91808
81332
23890
80621
25181
117965
63138
82343
46999
20007
23191
34190
25371
98428
91923
21416
22527
21522
21412
57854
30476
21922
20572
26194
22980
99732
21765
48528
46202
117963
58039
21834
21640
72764
99723
96650
21544
99074
43277
77129
37703
99742
105258
113440
98105
48134
119181
116243
39180
25372
21452
101511
86996
84066
25401
91924
45980
111680
57792
92141
96625
22986
21420
80841
103674
80597
80594
21471
22803
20513
82270
58150
82508
21414
46847
86930
47099
99724
34047
46492
21862
29475
22167
24487
118801
92142
80601
21974
118895
59088
21916
81796
23027
52172
34526
23199
98429
65618
87846
21427
92008
113308
119105
37028
34251
92319
21699
20003
83808
87618
21632
22614
118922
118337
62386
81420
21946
81326
21648
58484
48619
91925
32289
22643
116117
36925
21419
111323
21980
22083
20124
102955
103673
115567
79780
103003
21665
22066
82519
21643
40480
25373
21228
23200
34495
83274
61003
92984
49117
99027
114992
25072
27631
21664
64170
25370
20265
119203
48878
90320
22074
22092
24565
109132
52381
114991
116790
93815
24966
80595
34048
22065
46749
117555
41652
81825
21662
34250
41180
22356
80620
94894
21982
22232
21615
22227
25363
23157
86844
116116
97202
91340
109795
111682
86552
22741
22917
118696
22087
65595
102513
59089
21667
21766
25362
63170
40078
45519
58819
91527
22264
20004
24493
109794
22138
21523
24027
119208
34102
105364
26009
80602
21833
53099
22389
101384
87381
34494
99744
21649
117964
24434
21633
24563
64963
92018
113436
108757
31846
49063
98498
21472
83888
21610
97313
62871
58818
80842
97201
21642
24494
34191
104240
30477
92723
103620
22166
101512
86843
23166
25398
99745
85795
57855
82887
22061
52307
57879
20202
94901
21470
80600
20201
113437
37756
65619
49627
99075
92019
82509
111681
115548
21926
49720
83807
91528
92017
22317
25368
21981
24028
21666
25231
114990
34528
111475
84397
102956
22231
20486
Window 5
84791
46203
25157
80598
97708
49628
92007
120439
120569
80599
32719
49747
69059
79998
37755
80819
39615
105763
117066
39497
123351
28524
81330
25156
82332
91808
81332
80621
55020
25181
117965
63138
41093
82343
46999
74969
34190
25371
98428
36779
114508
123585
91923
124411
57854
30476
26194
123584
99732
48528
46202
117963
120552
58039
36782
32718
96320
72764
99723
96650
99074
43277
122320
77129
45095
37703
99742
36601
105258
86993
113440
121031
98105
48134
119181
123885
116243
39180
25372
101511
86996
84066
25401
91924
100013
45980
111680
57792
92141
96625
80841
103674
80597
85730
80594
122055
82270
117380
58150
82508
46847
86930
113124
47099
99724
34047
46492
29475
123460
118801
92142
80601
77497
123898
120493
118895
59088
122176
81796
87189
52172
34526
98429
65618
87846
92008
82203
113308
119105
88381
37028
34251
92319
83808
87618
120963
74546
120372
100761
36478
118922
118337
62386
81420
124842
122771
81326
58484
48619
91925
32289
100010
118719
116117
96941
36925
111323
110400
102955
103673
79780
103003
82519
40480
25373
34495
120726
83274
124281
61003
92984
49117
104510
99027
114992
25072
99001
123807
27631
64170
25370
46532
123463
119203
48878
90320
120751
109132
52381
114991
36784
107055
120551
116790
78939
93815
80595
34048
36413
46749
117555
41652
32717
70025
81825
34250
41180
123459
80620
102977
120380
94894
40494
99284
122772
106629
118600
25363
121541
122853
120374
86844
116116
97202
91340
123886
32736
120750
109795
106289
111682
86552
87563
123577
118696
120874
65595
40499
88454
59089
25362
63170
40078
45519
58819
120722
99000
91527
109794
118599
124477
80005
44492
119208
34102
25605
118601
105364
26009
80602
116955
53099
101384
87381
34494
99744
100762
117964
120473
64963
92018
113436
108757
31846
49063
98498
79452
83888
97313
62871
123462
58818
120723
80842
36668
97201
75832
34191
117456
104240
82202
30477
120373
73804
92723
103620
53818
101512
25197
123887
86843
25398
99745
85795
57855
82887
118703
41512
120758
123461
52307
57879
94901
80600
113437
37756
65619
49627
44491
99075
92019
82509
111681
115548
49720
83807
91528
121008
122511
92017
121009
25368
44490
25231
124410
54990
114990
34528
122177
111475
84397
102956
100366
85736
115169
Window 6
84791
46203
128781
80598
97708
49628
92007
120439
120569
80599
32719
49747
69059
79998
37755
80819
39615
105763
117066
39497
126005
81330
82332
91808
81332
80621
55020
117965
63138
41093
82343
46999
74969
34190
98428
36779
114508
123585
91923
124411
57854
30476
123584
99732
48528
46202
117963
120552
58039
36782
32718
96320
72764
99723
96650
99074
43277
77129
45095
37703
126831
99742
36601
105258
86993
113440
121031
98105
48134
119181
128107
123885
116243
39180
101511
86996
84066
91924
100013
45980
111680
57792
92141
96625
80841
103674
80597
85730
80594
122055
82270
117380
127565
127976
58150
82508
46847
86930
113124
47099
99724
34047
46492
123460
118801
92142
129890
80601
77497
123898
120493
118895
59088
122176
81796
87189
52172
34526
98429
65618
87846
92008
82203
113308
119105
88381
37028
34251
92319
83808
87618
120963
74546
120372
100761
36478
118922
118337
62386
81420
124842
122771
81326
58484
48619
91925
32289
100010
118719
116117
96941
36925
111323
110400
102955
103673
79780
103003
82519
40480
34495
120726
83274
124281
61003
92984
49117
104510
99027
114992
99001
123807
125753
64170
46532
123463
119203
48878
90320
120751
109132
52381
114991
36784
107055
120551
78939
93815
80595
34048
36413
46749
117555
41652
32717
70025
81825
34250
41180
123459
80620
102977
120380
94894
40494
99284
122772
106629
118600
121541
122853
120374
86844
116116
97202
91340
123886
32736
120750
109795
106289
111682
86552
87563
123577
118696
126797
120874
65595
40499
88454
59089
63170
40078
45519
58819
120722
99000
91527
109794
118599
124477
80005
44492
119208
34102
118601
105364
80602
116955
53099
101384
87381
34494
99744
100762
117964
120473
64963
92018
113436
108757
31846
49063
98498
79452
83888
97313
62871
123462
58818
128754
120723
80842
128214
36668
97201
75832
34191
117456
104240
82202
30477
120373
73804
92723
103620
53818
101512
123887
86843
99745
85795
57855
82887
118703
41512
120758
123461
52307
57879
125806
94901
80600
113437
37756
65619
49627
44491
99075
92019
82509
111681
49720
83807
91528
121008
122511
92017
121009
44490
124410
54990
114990
34528
122177
111475
84397
102956
100366
85736
115169
Window 7
133706
84791
46203
128781
80598
97708
49628
92007
120439
120569
80599
49747
69059
79998
37755
131520
80819
39615
105763
117066
39497
126005
81330
82332
91808
81332
80621
117965
63138
82343
132145
46999
74969
98428
36779
114508
123585
133456
91923
124411
133750
57854
133792
123584
99732
48528
46202
117963
132365
120552
58039
36782
72764
99723
96650
131970
131878
99074
43277
77129
45095
37703
132362
99742
36601
105258
86993
113440
121031
98105
48134
119181
128107
123885
116243
39180
101511
86996
84066
91924
100013
45980
111680
57792
92141
96625
80841
131446
103674
80597
85730
80594
122055
82270
127565
127976
58150
82508
46847
86930
113124
47099
99724
46492
123460
118801
92142
129890
132363
80601
132144
123898
120493
118895
59088
134732
122176
133705
81796
87189
52172
98429
65618
87846
92008
82203
113308
119105
88381
37028
92319
131856
133308
83808
87618
120963
131325
120372
100761
131897
36478
118922
118337
62386
81420
124842
122771
81326
58484
48619
91925
100010
118719
116117
131932
96941
36925
111323
110400
102955
103673
131979
79780
103003
82519
40480
120726
83274
124281
61003
92984
49117
99027
114992
99001
123807
125753
64170
133788
123463
119203
48878
90320
109132
52381
114991
133461
36784
131960
120551
132364
78939
93815
80595
36413
46749
117555
41652
70025
81825
41180
123459
80620
102977
120380
94894
40494
132289
99284
122772
106629
118600
121541
122853
120374
131876
86844
116116
97202
91340
123886
109795
106289
111682
86552
87563
123577
118696
120874
65595
131142
131961
59089
63170
132146
40078
45519
131969
58819
120722
134022
99000
91527
109794
131490
118599
124477
80005
132600
44492
119208
118601
105364
80602
116955
53099
101384
87381
99744
100762
131546
117964
120473
64963
92018
133793
113436
108757
49063
98498
79452
83888
97313
62871
123462
58818
128754
120723
80842
128214
97201
75832
131869
117456
104240
82202
120373
92723
103620
53818
101512
123887
86843
99745
85795
57855
82887
118703
41512
120758
123461
132601
131881
52307
57879
125806
131326
94901
80600
113437
37756
65619
49627
44491
99075
92019
82509
111681
49720
83807
91528
121008
122511
92017
121009
44490
124410
114990
122177
111475
84397
102956
Window 8
133706
84791
46203
128781
80598
97708
49628
92007
120439
120569
80599
49747
69059
79998
80819
105763
117066
126005
81330
82332
91808
81332
80621
117965
63138
82343
132145
46999
74969
98428
114508
123585
133456
91923
124411
133750
57854
133792
123584
99732
48528
46202
117963
132365
120552
58039
72764
99723
96650
131970
99074
43277
77129
45095
132362
99742
105258
86993
113440
121031
98105
48134
119181
128107
123885
116243
101511
86996
138464
84066
91924
100013
45980
111680
57792
92141
96625
80841
103674
80597
85730
80594
122055
138462
82270
138559
127565
127976
58150
82508
46847
86930
113124
47099
99724
46492
123460
118801
92142
129890
132363
80601
132144
123898
120493
118895
59088
134732
122176
133705
81796
87189
52172
98429
65618
87846
92008
82203
113308
119105
88381
92319
133308
83808
87618
120963
131325
120372
100761
118922
118337
62386
81420
124842
122771
81326
58484
48619
91925
100010
118719
116117
96941
138508
111323
110400
102955
103673
131979
79780
103003
82519
40480
120726
83274
124281
61003
92984
49117
99027
114992
99001
123807
125753
64170
133788
123463
119203
48878
90320
109132
52381
114991
133461
131960
120551
132364
78939
93815
80595
138533
46749
117555
41652
70025
81825
41180
123459
80620
102977
120380
94894
40494
132289
99284
122772
106629
118600
121541
122853
120374
86844
116116
97202
91340
123886
109795
106289
111682
86552
87563
123577
118696
120874
65595
131142
131961
59089
63170
132146
40078
45519
131969
58819
120722
134022
99000
91527
109794
131490
118599
124477
80005
132600
138405
44492
119208
118601
105364
80602
116955
53099
101384
87381
99744
100762
138406
117964
138963
120473
64963
92018
133793
113436
108757
49063
139662
98498
79452
83888
97313
62871
123462
58818
128754
120723
80842
128214
97201
139024
75832
117456
104240
82202
120373
92723
103620
53818
101512
123887
86843
99745
85795
57855
82887
118703
41512
120758
123461
132601
52307
57879
125806
138558
131326
94901
80600
113437
65619
49627
44491
99075
92019
82509
111681
49720
83807
91528
121008
122511
92017
121009
44490
124410
114990
122177
111475
84397
102956
85736
Window 9
133706
84791
46203
128781
80598
97708
49628
92007
120439
120569
80599
49747
69059
79998
80819
105763
117066
126005
81330
82332
91808
81332
80621
142817
117965
63138
82343
132145
46999
74969
143215
98428
114508
123585
133456
91923
124411
133750
57854
133792
123584
99732
48528
46202
117963
132365
120552
58039
72764
99723
96650
131970
99074
77129
45095
132362
99742
105258
86993
113440
121031
98105
48134
119181
128107
123885
116243
101511
86996
138464
84066
142387
141691
91924
100013
45980
111680
57792
92141
96625
80841
103674
80597
85730
80594
122055
138462
82270
138559
127565
127976
58150
82508
46847
86930
113124
47099
99724
46492
123460
118801
92142
129890
132363
80601
132144
140946
123898
120493
118895
59088
122176
133705
81796
87189
52172
98429
65618
87846
144019
92008
82203
143947
113308
119105
88381
92319
143946
133308
83808
87618
120963
131325
120372
100761
118922
118337
62386
81420
124842
122771
81326
58484
48619
91925
100010
118719
116117
96941
138508
144118
111323
140901
110400
102955
103673
131979
79780
103003
143527
82519
140366
120726
83274
124281
61003
92984
49117
99027
114992
144117
99001
123807
125753
142389
64170
133788
123463
119203
48878
90320
109132
52381
114991
133461
131960
120551
132364
78939
93815
80595
138533
46749
117555
70025
81825
123459
80620
102977
120380
94894
132289
99284
122772
106629
118600
121541
122853
120374
86844
116116
97202
91340
123886
109795
106289
111682
86552
87563
123577
118696
120874
65595
131142
131961
59089
63170
132146
45519
131969
58819
120722
134022
99000
91527
109794
143526
131490
118599
124477
80005
132600
138405
119208
118601
105364
80602
142388
116955
53099
101384
87381
99744
100762
138406
117964
138963
143217
120473
64963
92018
133793
113436
108757
142580
49063
139662
98498
79452
83888
97313
62871
123462
58818
128754
120723
143525
80842
128214
97201
139024
75832
117456
104240
82202
120373
92723
103620
53818
101512
123887
86843
99745
85795
57855
82887
118703
120758
123461
132601
52307
57879
125806
144249
138558
131326
94901
80600
113437
144247
141689
65619
49627
99075
92019
82509
111681
49720
83807
91528
121008
122511
92017
121009
124410
114990
122177
111475
84397
102956
85736
