Window 0
21615
49628
89359
99606
82318
16751
34526
83808
22061
80595
21427
82508
90248
21590
21471
25371
52307
25072
82887
90320
37028
80819
15280
81330
80600
24434
20486
21980
23890
89354
21665
24563
90245
20004
37703
21982
98429
25368
22066
20265
58819
24966
94901
93744
24565
21413
98571
49117
64170
92018
98105
92141
21649
14982
22083
18138
91925
99253
81332
52381
99074
83274
21641
62386
83888
19834
21922
59088
59089
92017
80602
31846
86930
23027
16664
90916
34047
48528
98498
88100
21862
99863
16672
52172
58818
19676
22074
98428
21765
80594
91340
92984
82519
34048
89383
22917
39615
30477
26009
80621
89503
99699
21523
99635
81825
21694
20201
25156
89426
58150
93053
99595
18525
80598
82953
98194
82273
23200
99075
22065
58039
6924
23199
20513
62871
86996
87846
65595
23166
93694
2557
25401
90249
20594
41652
99328
24487
99945
99254
22389
2556
19996
22227
49063
22264
22167
22643
21833
22741
37756
19999
21610
21916
20007
80620
21699
91924
85795
21452
46203
77129
20003
99368
22041
63138
93815
97202
46749
80842
26194
18523
99745
99508
96650
93866
17730
89425
19204
92142
19418
34250
86843
91528
21821
24027
21666
93681
99366
21416
99732
89385
96625
92019
21974
91808
92318
43277
21009
21544
21662
21640
22527
21522
25370
22356
21412
25362
49627
23191
88992
90829
97708
40480
25231
16287
93867
21632
82332
21766
21874
40078
18522
21470
99255
61003
82349
63170
24486
81796
36925
92724
83807
99967
25181
34495
16752
82330
99252
34494
22138
30476
87381
99662
21414
21648
22087
58484
18883
12212
46999
97203
46492
16267
21667
22231
99620
21642
20124
82346
29475
21420
93751
16308
21472
19062
17477
21834
87661
24493
24494
19671
21981
91527
21926
34102
92723
47099
86552
94894
82347
99027
49720
93746
17334
19648
87618
46847
21664
93052
22166
48134
84066
24028
81420
79998
49747
17397
22614
82867
93816
19970
16307
48619
90915
65618
57792
34251
21983
82782
80601
64963
19279
57854
80599
53099
34528
57855
99833
45519
16306
25363
19649
25157
90828
48878
45980
79780
90247
22092
65619
92007
25373
22986
25372
90250
22232
83013
19020
97313
90246
97201
18524
90914
21643
80295
34190
41180
19944
82270
72764
46202
80841
91923
92008
99422
92319
99742
22317
82509
22803
34191
39180
20202
19447
21419
12040
80597
22965
21228
27631
37755
82343
99723
57879
81326
99447
99749
19230
99724
23157
84397
32289
19945
86844
98735
99744
21946
93051
69059
21633
89000
Window 1
21615
49628
89359
99606
16751
34526
83808
22061
80595
21427
82508
90248
21590
21471
25371
52307
25072
82887
90320
37028
80819
15280
81330
80600
24434
20486
21980
23890
89354
21665
104761
24563
90245
20004
37703
21982
98429
25368
22066
20265
58819
24966
94901
24565
21413
98571
49117
103620
64170
92018
98105
92141
21649
14982
22083
18138
91925
99253
81332
52381
99074
83274
21641
62386
83888
19834
21922
59088
59089
92017
80602
31846
86930
23027
16664
103448
34047
48528
98498
21862
99863
16672
52172
58818
19676
22074
98428
21765
80594
91340
92984
82519
34048
101512
89383
22917
39615
30477
26009
80621
99699
21523
99635
101384
81825
102242
21694
20201
25156
58150
99595
18525
80598
103449
23200
99075
22065
103003
58039
6924
23199
20513
62871
86996
87846
65595
23166
25401
20594
41652
99328
24487
99945
99254
19996
22227
49063
103673
22264
22167
22643
21833
22741
37756
19999
21610
21916
20007
80620
21699
91924
85795
21452
46203
77129
20003
99368
22041
63138
93815
97202
46749
80842
101511
18523
99745
99508
96650
17730
19204
92142
19418
34250
86843
91528
21821
24027
100885
21666
99366
21416
99732
89385
96625
92019
21974
91808
92318
43277
21009
21544
21662
21640
22527
21522
25370
22356
21412
25362
49627
23191
88992
97708
40480
25231
16287
93867
21632
82332
21766
21874
40078
18522
21470
99255
61003
63170
24486
81796
102956
36925
92724
83807
99967
25181
34495
16752
99252
34494
22138
30476
87381
99662
21414
21648
104750
22087
58484
18883
100028
12212
46999
46492
16267
21667
22231
99620
21642
20124
29475
21420
93751
16308
21472
19062
17477
21834
24493
24494
19671
21981
102243
91527
21926
103674
34102
92723
47099
86552
94894
99027
49720
17334
102513
19648
87618
46847
21664
93052
22166
48134
84066
24028
81420
79998
49747
17397
22614
19970
16307
48619
104240
65618
57792
34251
21983
82782
80601
64963
19279
57854
80599
53099
34528
57855
99833
104548
102867
104754
45519
16306
25363
19649
25157
90828
48878
45980
79780
90247
22092
65619
92007
25373
22986
25372
104755
22232
104496
102955
19020
97313
97201
18524
90914
21643
34190
41180
19944
82270
72764
46202
80841
91923
92008
99422
92319
99742
22317
104959
82509
22803
103450
34191
39180
20202
19447
21419
12040
104911
80597
22965
21228
27631
37755
82343
99723
57879
81326
99447
99749
19230
99724
102595
23157
84397
32289
19945
86844
99744
21946
69059
21633
89000
Window 2
21615
49628
89359
99606
16751
34526
83808
22061
80595
21427
82508
21590
21471
25371
52307
25072
82887
90320
37028
80819
15280
81330
80600
24434
20486
109799
21980
23890
21665
104761
105258
24563
20004
37703
21982
98429
25368
22066
20265
58819
24966
94901
24565
21413
98571
49117
103620
64170
92018
98105
92141
21649
14982
22083
18138
91925
81332
52381
99074
83274
21641
62386
83888
19834
21922
59088
59089
92017
80602
31846
86930
23027
108753
16664
103448
109795
34047
48528
109153
98498
21862
16672
52172
58818
19676
22074
98428
21765
80594
91340
92984
82519
34048
101512
22917
39615
30477
26009
80621
21523
101384
81825
21694
109875
20201
25156
58150
18525
109716
80598
23200
99075
22065
103003
58039
23199
20513
62871
86996
109127
87846
65595
23166
25401
20594
41652
24487
19996
22227
49063
103673
22264
22167
105023
22643
21833
22741
37756
19999
21610
21916
20007
80620
21699
91924
85795
21452
46203
77129
20003
22041
63138
93815
97202
46749
80842
105763
101511
18523
99745
96650
17730
19204
92142
19418
34250
86843
91528
21821
24027
100885
21666
21416
99732
96625
92019
21974
91808
43277
21009
21544
21662
21640
22527
21522
25370
22356
21412
25362
49627
23191
97708
40480
25231
16287
21632
82332
21766
21874
40078
18522
21470
61003
63170
24486
81796
102956
36925
92724
83807
25181
34495
16752
34494
22138
30476
87381
21414
21648
104750
22087
109169
58484
18883
12212
46999
46492
16267
21667
22231
21642
20124
29475
21420
16308
21472
19062
108757
17477
21834
24493
24494
19671
21981
91527
21926
103674
34102
92723
47099
86552
94894
99027
49720
17334
102513
19648
109242
87618
46847
21664
22166
48134
84066
24028
81420
79998
49747
17397
22614
19970
105364
16307
48619
104240
65618
57792
34251
109800
21983
80601
64963
19279
57854
80599
53099
34528
57855
102867
104754
45519
16306
25363
19649
108754
25157
48878
45980
79780
22092
65619
92007
25373
22986
25372
104755
109794
22232
102955
19020
97313
97201
18524
21643
34190
41180
19944
82270
72764
46202
80841
91923
92008
92319
99742
22317
104959
82509
22803
34191
39180
109132
20202
19447
21419
12040
80597
22965
21228
27631
109146
37755
82343
99723
57879
81326
19230
99724
23157
84397
32289
106410
19945
86844
99744
21946
69059
21633
89000
Window 3
21615
49628
16751
34526
83808
22061
80595
21427
82508
21590
21471
25371
111682
52307
25072
82887
90320
37028
80819
15280
81330
80600
24434
20486
21980
23890
21665
105258
24563
20004
37703
21982
98429
25368
22066
20265
58819
24966
94901
24565
21413
98571
49117
103620
64170
92018
98105
92141
21649
22083
18138
91925
81332
52381
111681
99074
83274
21641
62386
83888
19834
21922
59088
59089
92017
80602
113437
31846
86930
23027
16664
109795
34047
48528
98498
21862
16672
52172
58818
19676
22074
98428
21765
80594
91340
92984
82519
34048
101512
22917
39615
30477
113308
26009
80621
21523
101384
81825
21694
20201
25156
58150
18525
109716
80598
23200
99075
22065
103003
58039
23199
20513
62871
86996
87846
65595
20594
41652
24487
19996
22227
49063
103673
22264
22167
22643
21833
22741
37756
19999
21610
21916
20007
80620
21699
91924
85795
21452
46203
77129
20003
22041
63138
93815
97202
46749
80842
105763
101511
18523
99745
111323
96650
17730
19204
92142
19418
34250
86843
91528
21821
24027
100885
21666
21416
99732
92019
21974
91808
43277
21009
21544
21662
21640
22527
21522
25370
22356
21412
49627
23191
97708
40480
25231
16287
21632
82332
21766
21874
40078
18522
21470
61003
63170
24486
81796
102956
36925
92724
83807
25181
34495
16752
34494
22138
30476
87381
21414
22087
114991
58484
18883
46999
46492
16267
21667
22231
21642
20124
29475
21420
16308
21472
19062
108757
17477
21834
24493
24494
19671
21981
91527
21926
103674
34102
92723
114992
47099
86552
94894
99027
49720
113436
17334
102513
19648
87618
46847
21664
22166
48134
84066
24028
81420
79998
49747
17397
19970
105364
16307
48619
104240
111680
65618
57792
34251
21983
80601
64963
19279
57854
80599
53099
34528
57855
114990
45519
16306
19649
25157
48878
45980
79780
22092
65619
92007
25373
22986
25372
109794
22232
102955
19020
97313
97201
18524
21643
34190
41180
19944
82270
72764
46202
80841
91923
92008
92319
99742
22317
82509
22803
34191
39180
109132
20202
19447
21419
80597
22965
21228
111475
27631
37755
82343
99723
57879
81326
19230
99724
23157
84397
32289
19945
86844
113440
99744
21946
69059
21633
Window 4
21615
117965
49628
34526
83808
22061
80595
21427
82508
118801
21590
21471
25371
111682
52307
25072
82887
116116
90320
37028
80819
81330
80600
24434
20486
115567
21980
23890
119181
21665
105258
24563
20004
37703
21982
98429
25368
22066
20265
58819
24966
94901
24565
21413
49117
117963
103620
64170
92018
98105
92141
21649
22980
22083
91925
81332
52381
111681
99074
83274
21641
62386
83888
21922
59088
59089
92017
80602
117066
113437
31846
86930
23027
109795
34047
48528
25398
98498
21862
116243
52172
58818
22074
98428
21765
80594
91340
92984
82519
34048
101512
22917
39615
30477
113308
26009
80621
21523
101384
81825
21694
20201
119208
25156
58150
80598
117555
23200
99075
22065
103003
58039
23199
20513
62871
86996
87846
65595
23166
115548
25401
20594
41652
24487
22389
22227
49063
103673
22264
22167
22643
21833
22741
37756
21610
21916
20007
80620
21699
91924
85795
21452
46203
77129
118337
20003
22041
63138
93815
97202
46749
80842
105763
101511
26194
99745
111323
96650
92142
34250
86843
91528
21821
24027
21666
21416
99732
96625
92019
21974
91808
43277
21009
21544
21662
21640
22527
21522
25370
22356
21412
49627
25362
118922
23191
97708
40480
25231
21632
82332
118696
21766
21874
40078
119105
21470
61003
63170
24486
81796
102956
36925
83807
25181
34495
34494
22138
30476
87381
21414
21648
22087
114991
58484
116790
46999
46492
21667
22231
21642
20124
29475
21420
21472
108757
21834
119203
24493
24494
21981
91527
21926
103674
34102
92723
114992
47099
86552
94894
99027
49720
113436
102513
87618
46847
21664
22166
48134
84066
24028
81420
79998
49747
22614
20572
105364
48619
104240
111680
65618
57792
34251
21983
80601
64963
57854
80599
53099
34528
57855
114990
45519
25363
25157
48878
45980
118895
79780
116117
22092
65619
92007
25373
22986
25372
109794
22232
102955
97313
97201
21643
34190
41180
82270
72764
46202
80841
91923
92008
92319
99742
117964
22317
82509
22803
34191
39180
109132
20202
21419
80597
22965
21228
111475
27631
37755
82343
99723
57879
81326
99724
23157
84397
32289
86844
113440
99744
21946
69059
21633
Window 5
117965
49628
34526
32736
83808
124842
113124
80595
82508
118801
25371
111682
88454
52307
41512
25072
82887
116116
90320
37028
80819
81330
80600
70025
119181
114508
105258
41093
74969
37703
98429
123462
25368
58819
94901
87189
49117
117963
103620
64170
92018
79452
98105
92141
96320
91925
81332
52381
111681
115169
99074
36779
118600
39497
123461
83274
62386
83888
124410
59088
59089
120963
92017
80602
117380
117066
113437
123351
31846
86930
100761
120751
121031
109795
86993
34047
48528
122772
73804
25398
98498
120874
122511
100010
116243
122055
52172
58818
98428
80594
91340
92984
120439
82519
36668
34048
101512
85730
39615
30477
113308
26009
80621
101384
123898
120726
81825
120493
123885
100762
119208
25156
58150
123584
77497
80598
117555
36601
99075
103003
58039
62871
86996
99001
87846
65595
40499
115548
25401
44490
41652
122320
49063
103673
120473
37756
124281
80620
91924
85795
46203
77129
118337
123807
63138
93815
97202
46749
80842
105763
101511
26194
99745
111323
96650
92142
34250
86843
91528
99000
85736
99732
96625
92019
91808
43277
120758
122853
25370
120723
49627
25362
100366
32718
118922
123577
97708
40480
25231
82332
118696
40078
119105
123460
120380
61003
84791
63170
120750
81796
102956
74546
36925
83807
25181
34495
25197
123887
34494
30476
87381
25605
114991
58484
116790
118601
44491
118719
100013
106629
46999
120569
46492
120551
78939
29475
28524
122176
108757
32717
119203
106289
88381
91527
103674
44492
34102
92723
114992
47099
86552
94894
99027
49720
113436
120372
87618
46847
104510
82202
102977
46532
117456
54990
48134
120552
84066
120373
81420
79998
49747
116955
96941
36478
105364
48619
36784
53818
104240
111680
121009
65618
57792
34251
123585
80601
64963
57854
80599
53099
80005
34528
32719
57855
114990
124411
55020
45519
25363
121008
25157
48878
45980
118895
79780
116117
65619
92007
25373
25372
87563
123459
121541
109794
123463
110400
102955
120374
97313
36782
82203
97201
75832
34190
118599
41180
82270
72764
46202
80841
118703
91923
92008
92319
99742
117964
120722
124477
82509
34191
39180
109132
80597
122177
111475
27631
122771
36413
37755
82343
99723
57879
81326
99724
123886
107055
84397
32289
45095
86844
113440
99744
99284
69059
40494
Window 6
117965
49628
34526
32736
83808
124842
113124
80595
82508
118801
111682
88454
52307
41512
82887
116116
90320
37028
80819
81330
80600
70025
128781
119181
114508
105258
41093
74969
37703
98429
123462
58819
94901
87189
49117
117963
103620
64170
92018
79452
98105
92141
96320
91925
81332
52381
111681
115169
99074
36779
118600
39497
123461
83274
62386
83888
124410
59088
59089
120963
92017
80602
117380
117066
113437
31846
86930
100761
120751
121031
109795
86993
34047
48528
122772
73804
98498
120874
122511
100010
116243
122055
52172
58818
98428
80594
91340
92984
120439
82519
36668
34048
101512
85730
39615
30477
113308
80621
101384
123898
120726
81825
120493
123885
100762
119208
58150
123584
77497
80598
117555
36601
99075
103003
58039
62871
86996
99001
87846
65595
40499
44490
41652
49063
103673
120473
125753
37756
124281
80620
91924
85795
46203
77129
118337
123807
63138
93815
97202
46749
80842
105763
101511
99745
111323
96650
92142
34250
86843
91528
99000
85736
99732
96625
92019
91808
43277
120758
126797
122853
120723
49627
100366
32718
118922
123577
97708
40480
128107
82332
118696
40078
119105
123460
120380
61003
84791
63170
120750
81796
102956
74546
36925
83807
34495
123887
34494
30476
87381
128754
114991
58484
118601
44491
118719
100013
106629
46999
120569
46492
120551
78939
122176
108757
32717
119203
106289
88381
91527
103674
44492
34102
92723
114992
47099
86552
94894
99027
49720
113436
120372
87618
46847
104510
82202
102977
46532
117456
125806
54990
48134
120552
84066
120373
81420
79998
49747
116955
126005
96941
36478
105364
48619
36784
53818
104240
111680
121009
65618
57792
34251
123585
80601
64963
57854
80599
53099
80005
34528
32719
127565
57855
114990
124411
55020
45519
121008
48878
127976
45980
118895
79780
116117
65619
92007
87563
123459
121541
109794
123463
128214
110400
102955
120374
97313
36782
82203
97201
75832
34190
118599
41180
82270
72764
46202
80841
118703
91923
92008
92319
99742
117964
129890
120722
124477
82509
34191
39180
109132
80597
122177
111475
122771
36413
37755
126831
82343
99723
57879
81326
99724
123886
107055
84397
32289
45095
86844
113440
99744
99284
69059
40494
Window 7
131490
117965
49628
83808
124842
113124
80595
82508
118801
111682
52307
41512
82887
116116
90320
37028
80819
133750
81330
80600
70025
128781
119181
114508
105258
74969
37703
98429
123462
58819
94901
87189
132145
49117
117963
103620
64170
92018
133793
79452
98105
92141
91925
81332
52381
111681
132362
99074
36779
118600
39497
123461
83274
132365
62386
83888
124410
59088
59089
120963
92017
80602
117066
113437
131897
86930
100761
121031
131446
109795
86993
48528
122772
98498
120874
122511
100010
131960
116243
122055
131520
52172
131961
58818
133792
98428
80594
91340
92984
120439
82519
132289
101512
85730
132600
39615
113308
80621
101384
123898
120726
81825
120493
123885
100762
119208
58150
123584
80598
117555
36601
99075
103003
58039
132364
131546
62871
86996
99001
87846
65595
131969
44490
41652
132363
49063
103673
120473
125753
37756
124281
80620
91924
85795
46203
77129
118337
123807
63138
93815
97202
46749
80842
105763
101511
99745
111323
96650
92142
86843
91528
99000
99732
96625
92019
91808
131856
43277
120758
122853
120723
49627
118922
123577
97708
40480
128107
82332
118696
40078
119105
123460
120380
61003
84791
63170
81796
102956
36925
83807
123887
87381
133788
131325
128754
114991
58484
118601
44491
118719
100013
106629
46999
120569
46492
120551
78939
133461
122176
108757
119203
106289
88381
91527
103674
44492
92723
114992
47099
86552
94894
99027
49720
131326
113436
120372
133456
87618
46847
82202
102977
117456
125806
134022
48134
120552
84066
120373
131970
81420
79998
49747
116955
126005
96941
36478
105364
133705
48619
36784
53818
104240
111680
121009
65618
57792
123585
132146
131979
80601
64963
57854
80599
53099
80005
127565
57855
114990
124411
131881
45519
131876
121008
48878
127976
45980
118895
79780
116117
131142
65619
92007
131932
87563
123459
121541
109794
123463
128214
110400
134732
102955
120374
97313
36782
82203
97201
75832
133308
118599
41180
82270
72764
46202
80841
118703
91923
92008
92319
99742
117964
129890
120722
124477
82509
131878
39180
109132
80597
122177
132144
111475
122771
36413
132601
37755
82343
99723
57879
81326
99724
123886
84397
45095
86844
131869
133706
113440
99744
99284
69059
40494
Window 8
131490
117965
49628
83808
124842
113124
80595
82508
118801
111682
52307
41512
82887
116116
90320
80819
133750
81330
80600
70025
128781
119181
114508
105258
74969
98429
123462
58819
94901
87189
132145
49117
117963
103620
64170
92018
133793
79452
98105
92141
91925
81332
52381
111681
132362
99074
118600
123461
83274
132365
62386
83888
124410
139662
59088
59089
120963
92017
80602
117066
113437
86930
100761
121031
109795
86993
48528
122772
98498
120874
122511
100010
131960
116243
138533
122055
52172
138464
131961
58818
133792
98428
80594
91340
92984
120439
82519
132289
101512
85730
132600
113308
80621
101384
123898
120726
81825
120493
123885
100762
119208
138405
58150
123584
80598
117555
99075
103003
138963
58039
132364
62871
86996
99001
87846
65595
131969
44490
41652
132363
49063
103673
120473
125753
124281
80620
91924
85795
46203
77129
138559
118337
123807
63138
93815
97202
46749
80842
105763
101511
99745
111323
96650
92142
86843
91528
99000
85736
99732
96625
92019
91808
43277
120758
122853
138406
120723
49627
118922
123577
97708
40480
128107
82332
118696
40078
119105
123460
120380
61003
138508
84791
63170
138462
81796
102956
83807
123887
87381
133788
131325
128754
114991
58484
118601
44491
118719
100013
106629
46999
120569
46492
120551
78939
133461
122176
108757
139024
119203
106289
88381
91527
103674
44492
92723
114992
47099
86552
94894
99027
49720
131326
113436
120372
133456
87618
46847
82202
102977
117456
125806
134022
48134
120552
84066
120373
131970
81420
79998
49747
116955
126005
96941
105364
133705
48619
53818
104240
111680
121009
65618
57792
123585
132146
131979
80601
64963
57854
80599
53099
80005
127565
57855
114990
124411
45519
121008
48878
127976
45980
118895
79780
116117
131142
65619
92007
87563
123459
121541
109794
123463
128214
110400
134732
102955
120374
97313
82203
97201
75832
133308
118599
41180
82270
72764
46202
80841
118703
91923
92008
138558
92319
99742
117964
129890
120722
124477
82509
109132
80597
122177
132144
111475
122771
132601
82343
99723
57879
81326
99724
123886
84397
45095
86844
133706
113440
99744
99284
69059
40494
Window 9
131490
117965
49628
83808
124842
113124
80595
82508
118801
111682
52307
82887
116116
90320
80819
133750
81330
80600
70025
141691
128781
119181
114508
105258
74969
98429
123462
58819
94901
87189
132145
49117
117963
103620
64170
92018
133793
79452
98105
92141
91925
81332
52381
111681
132362
99074
118600
123461
83274
132365
62386
83888
124410
139662
59088
142389
59089
120963
92017
80602
117066
113437
86930
100761
121031
109795
86993
48528
122772
98498
120874
122511
100010
131960
116243
138533
122055
52172
138464
131961
58818
133792
98428
80594
91340
92984
120439
82519
132289
101512
140901
85730
132600
113308
80621
144249
101384
123898
120726
81825
120493
142580
123885
100762
119208
138405
58150
144118
123584
80598
117555
99075
103003
138963
58039
132364
62871
86996
99001
87846
65595
131969
143947
132363
49063
103673
120473
125753
124281
80620
91924
85795
142817
46203
77129
138559
118337
143525
123807
63138
93815
97202
46749
80842
105763
101511
99745
111323
96650
92142
86843
91528
99000
85736
99732
96625
92019
91808
120758
122853
138406
120723
49627
144247
118922
123577
97708
128107
82332
118696
142387
119105
123460
120380
61003
138508
84791
63170
138462
81796
102956
83807
123887
87381
133788
131325
128754
114991
58484
118601
118719
143217
100013
106629
46999
120569
46492
120551
78939
133461
122176
108757
139024
119203
106289
88381
91527
103674
92723
114992
47099
86552
94894
99027
49720
131326
113436
120372
133456
143215
87618
140366
46847
82202
102977
117456
125806
134022
48134
120552
84066
140946
120373
131970
81420
79998
49747
116955
126005
96941
105364
133705
48619
53818
104240
111680
143526
121009
65618
57792
123585
132146
131979
80601
64963
57854
80599
53099
80005
127565
57855
114990
124411
45519
121008
48878
127976
45980
118895
79780
116117
131142
65619
141689
92007
87563
123459
121541
109794
123463
128214
144117
110400
102955
120374
97313
82203
97201
75832
133308
118599
82270
72764
144019
46202
80841
118703
91923
92008
138558
143527
92319
99742
117964
129890
120722
124477
82509
109132
80597
143946
122177
142388
132144
111475
122771
132601
82343
99723
57879
81326
99724
123886
84397
45095
86844
133706
113440
99744
99284
69059
