Window 0
938
45655
96640
41685
95262
11453
53454
96646
55742
41689
51701
71023
26341
40183
49995
50174
95228
96616
92250
93712
98145
70383
52070
72094
3815
18948
92213
10375
52061
13228
12744
10392
13219
13221
39942
70374
95256
31784
31548
51953
93719
17494
31550
49999
96643
12920
31721
1054
17507
17516
12726
76223
3814
35664
40609
6712
96635
12731
50002
19722
19741
76215
92237
73565
12691
44325
10462
39882
41683
70384
18957
91899
17496
53487
96726
35661
17550
81900
3806
51959
3802
20971
51962
44342
70690
26331
37589
12914
28979
53503
10452
11442
35629
53495
40834
12933
20386
52065
53504
81858
29941
98167
31539
70376
39795
40848
45941
50511
39794
95218
51725
17517
46347
81492
98171
81902
70972
40644
7361
51935
52047
10395
35653
70653
40645
12924
39863
91836
96641
19022
70718
17564
17505
51963
80113
40853
45600
34768
52031
61795
18800
70693
13229
18949
50160
92231
1042
12683
7363
91905
52057
52062
11255
40618
12901
19740
52072
41731
81766
10463
1051
90957
21
51629
34765
81724
41680
76214
44102
70372
12734
4499
51715
13222
76221
19734
37578
12934
77990
34764
40605
41677
96632
2995
70681
95216
96614
11251
17508
12735
18964
92234
96639
98141
98144
19737
52029
40688
12739
51716
93726
45651
96631
93734
17495
70687
91150
12926
51724
91054
12917
71937
70632
81721
44356
91847
70634
17510
70680
50526
94881
95258
18953
39929
45654
92225
31747
93737
71943
91138
27040
3812
52028
98135
70645
81493
91055
92191
31560
52063
76219
96671
81895
53499
3807
92228
19789
63635
8327
52033
40631
44353
49974
53498
29967
50524
11423
50602
55645
98169
51939
86315
96662
76224
51630
93720
12929
40509
36899
73554
12728
70669
51949
81802
92253
61607
51728
92239
70677
12826
91967
45653
18899
76220
11257
40850
97289
67089
71888
50009
96630
45642
70672
52066
92255
7346
53458
35667
10390
51964
52068
96555
17580
53380
61592
10456
96650
48329
11440
50159
53501
96651
51942
10391
52059
53496
94404
44090
92219
18112
27130
70381
97288
34720
51722
96655
70697
70630
11446
44345
40596
19876
41716
80146
95257
81722
88693
70665
96637
91896
96638
39889
45646
70686
94867
77872
51945
76216
40615
45648
92241
91845
8308
39876
31729
3945
20353
12892
76690
11425
3810
41432
10464
26333
50513
96634
81723
3811
13226
12680
12732
98174
12733
39880
45942
52053
96617
80159
80940
19721
90951
52037
78074
60851
76218
50157
50012
92266
52051
98138
31728
52069
96649
16804
12819
92201
12686
60326
94409
52044
70974
91902
26334
35659
11262
18950
3946
65916
27117
62182
40701
60853
18955
31783
12729
96668
52064
52025
70626
90959
11256
45650
81805
76303
11260
12910
19718
45934
45564
51631
3941
18951
13224
31913
52071
86702
11253
29928
52041
83714
31904
51952
11427
52114
92392
11445
941
3948
40525
34762
51951
51842
60900
76290
29927
96636
52049
81903
11261
51956
3803
1044
3804
61637
40551
92204
81491
40600
61636
11428
17497
18947
98156
26332
60899
19716
94408
60313
92216
19724
19717
81869
86689
70684
20242
51957
77887
51858
18960
940
50525
81901
52027
41749
3010
10398
10455
94406
98143
12808
3827
29952
35658
3006
91159
50156
45647
31305
83792
464
12742
52054
86611
70671
52043
81928
3940
51720
98172
92244
98136
18952
40664
40715
18907
90943
91897
18954
52055
40638
12916
13230
52038
9457
31900
48488
3008
70659
81972
41690
51846
81898
98142
40646
81904
10465
19778
81894
45645
18959
70380
60859
11426
17506
51961
3805
51723
98140
13277
91053
71935
81907
10052
12670
59338
52032
93733
3007
52042
29955
11259
40624
13227
50512
51960
95260
70663
98137
50005
76222
80927
92247
10453
11429
95253
81941
51958
95259
12915
12650
96528
13264
52050
76217
80932
96611
12747
40654
11263
52035
81896
98146
70385
92210
93711
8881
10389
96529
91155
12887
40641
77903
12730
39940
40639
34769
12653
13605
11294
96613
26343
35662
48502
96615
3820
18956
20277
50514
92265
11424
3944
18787
40599
80929
96644
81934
51954
45935
14600
51955
52056
34758
40640
98170
98179
51636
96677
45939
50230
80785
41687
35648
37575
51717
40696
52046
70379
10112
61406
98177
34760
17509
45644
70696
52060
90962
35851
97998
939
3942
11422
92207
78059
95328
12649
51710
30369
35638
6710
11254
11258
50172
1041
3947
46063
1053
52052
12932
37389
39705
14603
3823
10454
74430
96645
10606
460
34775
51721
17512
19020
53460
98139
53370
61628
77901
93710
70373
10401
31902
53500
91228
93738
31439
98134
52058
96652
10460
91977
81899
70378
19031
98133
3943
31551
96642
18958
51950
70642
53497
17513
96633
31766
39919
11252
29919
92222
95261
60609
7362
70984
Window 1
45655
96640
60902
41685
95262
11453
53454
96646
55742
41689
51701
71023
26341
40183
49995
50174
95228
96616
92250
93712
98145
70383
52070
72094
18948
92213
10375
52061
13228
12744
10392
13219
34802
13221
39942
70374
95256
31784
31548
26337
51953
93719
17494
31550
49999
96643
12920
31721
26336
17507
17516
12726
76223
35664
40609
6712
96635
12731
50002
19722
19741
76215
92237
73565
12691
44325
10462
39882
41683
70384
18957
91899
17496
53487
96726
35661
17550
81900
51959
20971
51962
44342
70690
26331
37589
12914
28979
17632
53503
10452
11442
35629
53495
40834
12933
20386
52065
53504
81858
29941
98167
53489
31539
70376
39795
40848
45941
50511
39794
95218
51725
17517
46347
81492
98171
96654
81902
70972
40644
7361
51935
52047
10395
35653
70653
40645
12924
39863
91836
96641
19022
70718
17564
17505
51963
80113
40853
53488
45600
34768
52031
61795
18800
70693
13229
18949
50160
92231
12683
7363
91905
52057
52062
11255
40618
12901
19740
52072
41731
81766
10463
90957
51629
34765
81724
41680
76214
44102
70372
12734
51715
13222
76221
19734
37578
12934
77990
34764
40605
41677
96632
70681
95216
96614
11251
17508
12735
18964
92234
96639
98141
98144
19737
52029
40688
12739
51716
93726
45651
96631
93734
17495
70687
91150
12926
51724
91054
12917
71937
70632
81721
44356
91847
70634
17510
70680
50526
94881
95258
18953
39929
45654
92225
31747
93737
71943
91138
27040
52028
98135
70645
81493
91055
92191
40716
31560
52063
76219
96671
81895
53499
92228
19789
63635
8327
52033
40631
44353
49974
53498
29967
50524
11423
50602
55645
98169
34804
51939
86315
96662
76224
51630
93720
12929
40509
36899
73554
12728
41434
70669
51949
81802
92253
61607
51728
92239
70677
12826
91967
45653
18899
76220
11257
40850
97289
67089
71888
50009
96647
96630
45642
70672
52066
92255
96648
7346
53458
35667
10390
51964
52068
96555
17580
53380
61592
10456
96650
48329
11440
50159
53501
96651
51942
10391
52059
53496
94404
44090
92219
18112
27130
70381
97288
34720
51722
96655
70697
70630
11446
44345
40596
19876
41716
80146
95257
81722
88693
70665
96637
91896
96638
39889
45646
70686
94867
77872
51945
76216
40615
45648
92241
91845
8308
39876
31729
20353
12892
76690
11425
41432
10464
26333
50513
96634
81723
13226
12680
12732
98174
12733
39880
45942
52053
96617
80159
80940
19721
90951
52037
78074
60851
76218
50157
50012
92266
52051
98138
31728
52069
96649
16804
12819
92201
12686
60326
94409
52044
70974
91902
26338
26334
35659
11262
18950
65916
27117
62182
40701
60853
18955
31783
12729
96668
52064
52025
70626
90959
11256
45650
81805
76303
11260
12910
19718
45934
45564
51631
18951
13224
31913
52071
86702
11253
29928
52041
83714
31904
51952
11427
52114
92392
11445
85208
40525
34762
51951
51842
60900
76290
29927
96636
52049
81903
11261
51956
61637
40551
92204
81491
40600
61636
11428
17497
18947
98156
26332
60899
19716
94408
60313
92216
19724
19717
81869
86689
70684
20242
51957
77887
51858
18960
50525
81901
52027
41749
10398
10455
94406
98143
12808
29952
35658
91159
50156
45647
31305
83792
12742
52054
86611
70671
52043
81928
51720
98172
92244
98136
18952
12814
40664
40715
18907
90943
91897
18954
52055
40638
12916
13230
52038
9457
31900
48488
70659
81972
60861
41690
51846
81898
98142
40646
81904
10465
19778
81894
45645
18959
70380
60859
11426
17506
51961
51723
98140
13277
91053
71935
81907
10052
12670
59338
52032
93733
52042
29955
13634
11259
40624
13227
50512
51960
95260
70663
98137
50005
76222
80927
92247
10453
60860
11429
95253
81941
51958
95259
12915
12650
96528
13264
52050
76217
80932
96611
12747
40654
11263
52035
81896
98146
70385
92210
93711
8881
10389
96529
91155
12887
40641
77903
12730
39940
40639
34769
12653
13605
11294
96613
26343
35662
48502
96615
18956
20277
50514
92265
11424
18787
40599
80929
96644
81934
51954
45935
14600
51955
52056
34758
40640
98170
98179
51636
96677
45939
50230
80785
41687
35648
37575
51717
40696
52046
70379
10112
61406
98177
34760
17509
45644
70696
52060
90962
35851
97998
11422
92207
78059
95328
12649
51710
30369
35638
6710
11254
11258
50172
46063
52052
12932
37389
39705
14603
10454
74430
96645
10606
34775
51721
17512
19020
53460
98139
53370
61628
77901
93710
70373
10401
31902
53500
91228
93738
31439
98134
52058
96652
10460
91977
81899
70378
19031
98133
31551
96642
18958
26335
51950
70642
53497
17513
96633
31766
39919
11252
29919
41437
92222
95261
60609
7362
70984
Window 2
45655
96640
60902
41685
95262
11453
53454
96646
55742
41689
51701
71023
26341
40183
49995
50174
95228
96616
92250
93712
98145
70383
52070
72094
40610
18948
92213
10375
52061
13228
12744
10392
13219
34802
13221
41697
39942
70374
95256
31784
31548
26337
51953
93719
17494
31550
49999
96643
12920
31721
26336
17507
17516
12726
76223
35664
40609
96635
12731
50002
19722
19741
76215
92237
73565
12691
44325
10462
39882
41683
70384
18957
91899
17496
53487
96726
35661
17550
81900
51959
20971
51962
44342
70690
26331
37589
12914
28979
17632
53503
10452
11442
35629
53495
40834
12933
20386
52065
53504
81858
29941
98167
53489
31539
70376
39795
40848
45941
50511
39794
95218
51725
17517
46347
81492
98171
96654
81902
70972
40644
51935
52047
10395
35653
70653
40645
12924
39863
91836
96641
19022
70718
17564
17505
51963
80113
40853
53488
45600
34768
52031
61795
18800
70693
13229
18949
50160
92231
12683
91905
52057
52062
11255
40618
12901
19740
52072
41731
81766
10463
90957
51629
34765
81724
41680
76214
44102
70372
12734
51715
13222
76221
19734
37578
12934
77990
34764
40605
41677
96632
70681
95216
96614
11251
17508
12735
18964
92234
96639
98141
98144
19737
52029
40688
12739
51716
93726
45651
96631
93734
17495
70687
91150
12926
51724
91054
12917
71937
70632
81721
44356
91847
70634
17510
70680
50526
94881
95258
18953
39929
45654
92225
31747
93737
71943
91138
27040
52028
98135
70645
81493
91055
92191
40716
31560
52063
76219
96671
81895
53499
92228
19789
63635
52033
40631
44353
49974
53498
29967
50524
11423
50602
55645
98169
34804
51939
86315
96662
76224
51630
93720
12929
40509
36899
73554
12728
41434
70669
51949
81802
92253
61607
51728
92239
70677
12826
91967
45653
18899
76220
11257
40850
97289
67089
71888
50009
96647
96630
45642
70672
52066
92255
96648
53458
35667
10390
51964
52068
96555
17580
53380
61592
10456
96650
48329
11440
50159
53501
96651
51942
10391
52059
53496
94404
44090
92219
18112
27130
70381
97288
34720
51722
96655
70697
70630
11446
44345
40596
19876
41716
80146
95257
81722
88693
70665
96637
91896
96638
39889
45646
70686
94867
77872
51945
76216
40615
45648
92241
91845
39876
31729
20353
12892
76690
11425
41432
10464
26333
50513
96634
81723
13226
12680
12732
98174
12733
39880
45942
52053
96617
80159
80940
19721
90951
52037
78074
60851
76218
50157
50012
92266
52051
98138
31728
52069
96649
16804
12819
92201
12686
60326
94409
52044
70974
91902
26338
26334
35659
11262
18950
65916
27117
62182
40701
60853
18955
31783
12729
96668
52064
52025
70626
90959
11256
45650
81805
76303
11260
12910
19718
45934
45564
51631
18951
13224
31913
52071
86702
11253
29928
52041
83714
31904
51952
11427
52114
92392
11445
85208
40525
34762
51951
51842
60900
76290
29927
96636
52049
81903
11261
51956
61637
40551
92204
81491
40600
61636
11428
17497
18947
98156
26332
60899
19716
94408
60313
92216
19724
19717
81869
86689
70684
20242
51957
77887
51858
18960
50525
81901
52027
41749
10398
10455
94406
98143
12808
29952
35658
91159
50156
45647
31305
83792
12742
52054
86611
70671
52043
81928
51720
18111
98172
92244
98136
18952
12814
40664
40715
18907
90943
91897
18954
52055
40638
12916
13230
52038
31900
48488
70659
81972
60861
41690
51846
81898
98142
40646
81904
10465
19778
81894
45645
18959
70380
60859
11426
17506
51961
51723
98140
13277
91053
71935
81907
10052
12670
59338
52032
93733
52042
29955
13634
11259
40624
13227
29929
50512
51960
95260
70663
98137
50005
76222
80927
92247
10453
60860
11429
95253
81941
51958
95259
12915
12650
96528
13264
52050
76217
80932
96611
12747
40654
11263
52035
81896
98146
70385
92210
93711
10389
96529
91155
12887
40641
77903
12730
39940
40639
34769
12653
13605
11294
96613
26343
35662
48502
96615
18956
20277
50514
92265
11424
18787
40599
80929
96644
81934
51954
45935
14600
51955
52056
34758
40640
98170
98179
51636
96677
45939
50230
81816
80785
41687
35648
37575
51717
40696
52046
70379
10112
61406
98177
34760
17509
45644
70696
52060
90962
35851
97998
11422
92207
78059
95328
12649
51710
30369
35638
11254
11258
50172
46063
52052
12932
37389
39705
14603
10454
74430
96645
10606
34775
51721
17512
19020
53460
98139
53370
61628
77901
93710
70373
10401
31902
53500
91228
93738
31439
98134
52058
96652
10460
91977
81899
70378
19031
98133
31551
96642
18958
26335
51950
70642
53497
17513
96633
31766
39919
11252
29919
41437
92222
95261
60609
70984
Window 3
45655
96640
60902
41685
95262
113870
53454
96646
112442
112566
55742
113872
41689
51701
71023
26341
40183
49995
50174
95228
96616
92250
93712
81986
98145
44181
70383
52070
72094
40610
18948
92213
52061
113885
112454
113962
39942
70374
95256
31784
31548
51953
93719
112562
17494
31550
49999
112378
96643
31721
26336
112428
17507
17516
113729
76223
113715
35664
113140
40609
96635
50002
113963
19722
19741
76215
92237
73565
44325
113970
39882
41683
113927
70384
18957
91899
113867
53487
96726
70977
35661
17550
81900
113864
51959
20971
51962
44342
70690
26331
37589
28979
17632
53503
35629
113922
53495
40834
20386
52065
81858
29941
98167
31539
70376
113724
39795
40848
45941
50511
39794
95218
51725
113816
17517
46347
70973
81492
98171
81902
70972
113893
40644
51935
52047
35653
70653
40645
39863
91836
96641
70718
113815
113731
17564
17505
51963
80113
40853
45600
34768
52031
61795
18800
70693
18949
50160
92231
113594
91905
52057
49814
52062
113928
40618
19740
52072
41731
81766
90957
51629
81724
41680
76214
44102
70372
51715
76221
113863
19734
55952
37578
77990
34764
40605
41677
96632
113875
113139
70681
95216
96614
17508
113931
18964
92234
96639
112436
98141
98144
19737
52029
40688
51716
93726
45651
96631
93734
17495
70687
91150
51724
91054
113725
71937
70632
81721
44356
91847
70634
17510
113818
70680
50526
94881
95258
18953
39929
45654
92225
31747
93737
71943
91138
27040
52028
98135
70645
81493
113887
113734
91055
92191
40716
31560
52063
40184
113869
76219
96671
113929
52113
81895
53499
92228
63635
52033
40631
44353
49974
53498
50524
113593
50602
55645
98169
51939
86315
96662
112440
112308
76224
113930
51630
93720
36899
73554
70669
51949
81802
92253
113871
61607
113149
51728
92239
70677
91967
45653
18899
76220
40850
97289
67089
71888
50009
112456
96630
45642
70672
52066
92255
53458
35667
113747
51964
52068
96555
59352
17580
53380
61592
96650
48329
50159
53501
113723
96651
51942
52059
53496
94404
44090
113597
92219
113892
18112
113591
27130
70381
97288
70981
34720
51722
70697
113137
70630
44345
40596
19876
41716
80146
95257
113727
81722
88693
70665
96637
91896
96638
39889
45646
70686
94867
113873
77872
51945
76216
40615
45648
92241
91845
39876
31729
20353
76690
113692
112441
52127
26333
50513
96634
81723
113148
98174
113877
39880
45942
52053
96617
80159
80940
19721
113924
90951
52037
78074
60851
76218
50157
50012
92266
113965
52051
98138
31728
16804
92201
60326
113868
94409
52044
70974
91902
26334
35659
113865
18950
65916
27117
62182
40701
60853
18955
31783
96668
40604
52064
52025
113713
90959
45650
81805
76303
19718
45934
113146
45564
51631
113897
113884
113932
18951
31913
52071
86702
29928
52041
83714
31904
51952
113733
52114
92392
40525
34762
51951
51842
60900
76290
70979
29927
96636
52049
81903
51956
61637
40551
92204
94535
81491
40600
61636
18947
98156
26332
60899
19716
94408
60313
92216
19724
19717
81869
113590
86689
70684
20242
51957
77887
112443
51858
18960
50525
81901
52027
113936
41749
113886
94406
98143
29952
40860
35658
91159
50156
45647
31305
83792
52054
86611
70671
52043
112379
81928
113879
113737
51720
18111
98172
92244
98136
113940
18952
40664
112377
112437
40715
18907
90943
91897
18954
112563
52055
112438
40638
52038
31900
48488
70659
81972
41690
51846
113923
81898
113935
98142
40646
81904
113937
19778
81894
45645
70978
18959
70380
113894
60859
17506
51961
51723
113817
98140
91053
71935
81907
113711
59338
52032
93733
52042
29955
113595
40624
113964
29929
50512
51960
95260
70663
98137
50005
76222
80927
92247
60860
95253
81941
51958
95259
96528
113732
52050
113596
76217
80932
96611
40654
52035
113878
81896
98146
70385
92210
93711
96529
91155
40641
77903
113587
113898
39940
40639
34769
113150
113891
113934
26343
35662
70982
48502
96615
18956
20277
50514
113717
92265
112439
112285
113726
18787
40599
80929
96644
81934
51954
51955
52056
34758
40640
98170
51636
96677
45939
50230
81816
113730
112564
113971
41687
112337
35648
37575
51717
40696
52046
70379
61406
113866
98177
34760
17509
45644
70696
52060
90962
35851
97998
92207
78059
95328
113592
113925
51710
30369
70980
35638
40539
50172
113728
46063
113899
52052
113876
37389
39705
113141
113961
113716
74430
96645
52090
34775
51721
17512
19020
53460
98139
53370
61628
77901
93710
70373
113600
31902
53500
91228
93738
31439
98134
52058
96652
91977
113939
81899
70378
19031
98133
113933
80996
113926
31551
96642
18958
51950
112338
70642
113900
81386
53497
17513
96633
31766
39919
29919
92222
95261
113145
70984
Window 4
45655
118206
96640
60902
41685
95262
113870
53454
96646
112442
112566
55742
113872
41689
51701
71023
26341
40183
49995
50174
95228
96616
92250
93712
81986
98145
44181
70383
52070
72094
40610
92213
52061
113885
112454
113962
39942
70374
95256
31784
31548
51953
93719
112562
70382
31550
49999
112378
96643
31721
26336
112428
113729
76223
113715
35664
113140
40609
96635
50002
113963
76215
92237
73565
44325
113970
39882
41683
113927
70384
91899
118172
113867
53487
96726
70977
35661
81900
113864
51959
20971
51962
44342
70690
26331
37589
28979
53503
35629
113922
53495
40834
20386
52065
81858
118878
29941
98167
31539
70376
113724
39795
40848
45941
50511
39794
95218
51725
113816
46347
70973
81492
81902
70972
113893
40644
51935
52047
35653
70653
40645
39863
91836
96641
70718
113815
113731
51963
80113
40853
45600
34768
52031
61795
70693
50160
92231
113594
91905
52057
49814
52062
113928
40618
52072
41731
81766
90957
51629
81724
34765
41680
76214
44102
70372
51715
76221
113863
37578
77990
34764
40605
41677
96632
118179
113875
113139
70681
95216
96614
113931
92234
96639
112436
98141
98144
52029
40688
51716
93726
45651
96631
93734
86252
70687
91150
51724
91054
113725
71937
70632
81721
44356
91847
118195
70634
118173
113818
70680
50526
94881
95258
39929
45654
92225
31747
93737
71943
91138
27040
52028
98135
70645
81493
113887
113734
91055
92191
40716
31560
52063
40184
113869
76219
96671
113929
52113
81895
53499
92228
63635
52033
40631
44353
49974
53498
50524
113593
50602
55645
98169
51939
86315
96662
112440
112308
76224
113930
51630
93720
36899
73554
70669
51949
81802
92253
113871
61607
113149
51728
92239
70677
91967
45653
76220
40850
97289
67089
71888
50009
112456
96630
45642
70672
52066
92255
53458
35667
113747
51964
52068
96555
118170
59352
113142
53380
61592
96650
48329
50159
53501
113723
96651
51942
52059
53496
94404
44090
113597
92219
113892
113591
27130
70381
97288
70981
34720
51722
118168
70697
113137
70630
44345
40596
41716
80146
95257
113727
81722
88693
70665
96637
91896
96638
39889
45646
70686
94867
113873
77872
51945
76216
40615
45648
92241
91845
39876
31729
20353
76690
113692
112441
52127
26333
50513
96634
81723
118191
113148
98174
113877
118169
39880
45942
52053
96617
118175
80159
80940
113924
90951
52037
78074
60851
76218
50157
50012
92266
113965
52051
98138
31728
92201
60326
113868
118256
94409
52044
70974
91902
116720
26334
35659
113865
118182
65916
27117
62182
40701
60853
31783
96668
40604
52064
52025
113713
90959
45650
81805
76303
45934
113146
45564
51631
113897
118171
113884
113932
31913
52071
86702
29928
52041
83714
31904
51952
113733
52114
92392
118177
118199
40525
34762
51951
51842
60900
76290
70979
29927
96636
52049
81903
51956
118176
61637
118174
40551
118208
92204
94535
81491
40600
61636
118254
98156
26332
60899
94408
60313
92216
81869
113590
86689
70684
20242
51957
35657
118185
77887
112443
51858
50525
81901
52027
113936
41749
113886
94406
98143
29952
40860
35658
91159
50156
45647
31305
83792
70377
52054
86611
70671
52043
112379
81928
113879
113737
51720
98172
92244
98136
113940
40664
112377
112437
40715
90943
91897
112563
52055
112438
40638
52038
31900
70659
81972
41690
51846
113923
81898
113935
98142
40646
81904
113937
81894
45645
70978
70380
113894
60859
118212
51961
51723
113817
98140
91053
71935
81907
113711
59338
52032
34771
93733
52042
29955
113595
40624
113964
29929
50512
51960
95260
70663
98137
50005
76222
80927
92247
60860
95253
81941
51958
95259
112556
96528
113732
52050
113596
76217
80932
40654
52035
113878
81896
98146
70385
92210
93711
96529
91155
40641
77903
113587
113898
39940
40639
34769
113150
113891
113934
26343
35662
70982
48502
96615
20277
50514
113717
92265
112439
112285
113726
40599
80929
96644
81934
51954
118178
45935
51955
52056
34758
40640
51636
96677
45939
50230
81816
113730
112564
113971
41687
112337
35648
37575
51717
40696
52046
70379
61406
113866
34760
45644
70696
52060
90962
35851
97998
92207
78059
95328
113592
113925
51710
30369
70980
35638
40539
50172
113728
113899
52052
113876
37389
39705
113141
113961
113716
74430
118215
96645
52090
34775
51721
53460
98139
53370
61628
77901
93710
70373
113600
31902
53500
91228
93738
31439
98134
52058
96652
91977
113939
81899
70378
98133
113933
80996
113926
31551
96642
51950
112338
70642
113900
81386
53497
96633
31766
39919
29919
92222
95261
113145
70984
Window 5
45655
118206
96640
41685
95262
113870
53454
96646
112442
112566
55742
113872
41689
51701
71023
26341
40183
49995
50174
95228
96616
92250
93712
81986
98145
44181
70383
52070
72094
40610
92213
52061
113885
112454
113962
39942
70374
95256
31784
31548
51953
93719
112562
31550
49999
112378
96643
31721
26336
112428
113729
76223
113715
35664
113140
40609
96635
50002
113963
76215
92237
73565
122307
44325
113970
39882
41683
113927
70384
91899
118172
113867
53487
96726
70977
35661
81900
113864
51959
122294
51962
44342
70690
26331
37589
28979
53503
122146
35629
113922
53495
40834
122303
52065
81858
118878
29941
98167
31539
70376
113724
39795
40848
45941
50511
39794
95218
51725
113816
46347
70973
81492
81902
70972
113893
40644
51935
52047
35653
70653
40645
39863
91836
96641
70718
113815
113731
51963
80113
40853
45600
34768
52031
61795
70693
120861
50160
92231
113594
91905
52057
49814
52062
113928
40618
52072
41731
90957
51629
81724
34765
41680
76214
40635
44102
70372
51715
76221
113863
37578
120569
77990
34764
40605
41677
96632
118179
113875
113139
70681
95216
96614
113931
96639
112436
98141
98144
52029
40688
51716
93726
45651
96631
93734
70687
51724
91054
113725
71937
70632
81721
44356
91847
118195
70634
118173
113818
70680
50526
94881
95258
39929
45654
122296
92225
31747
93737
71943
91138
27040
52028
98135
70645
81493
113887
113734
91055
92191
40716
31560
52063
113869
76219
96671
113929
52113
81895
53499
92228
63635
52033
40631
44353
49974
53498
50524
113593
50602
55645
98169
51939
86315
96662
112440
112308
76224
113930
51630
93720
122509
36899
73554
70669
51949
81802
92253
113871
61607
113149
51728
92239
70677
91967
45653
76220
40850
97289
67089
50009
112456
96630
45642
70672
92255
53458
35667
113747
51964
52068
118170
113142
53380
61592
122299
96650
48329
50159
53501
113723
96651
51942
52059
53496
94404
44090
113597
92219
113892
113591
27130
70381
97288
70981
34720
51722
118168
70697
113137
70630
44345
40596
41716
80146
95257
113727
81722
88693
70665
96637
91896
96638
39889
45646
70686
94867
113873
77872
51945
76216
40615
45648
92241
91845
39876
31729
76690
113692
112441
52127
26333
50513
96634
81723
118191
113148
122148
98174
113877
118169
39880
45942
52053
96617
122112
118175
80159
80940
113924
90951
52037
78074
60851
76218
50157
50012
92266
113965
52051
98138
31728
92201
60326
113868
118256
94409
52044
70974
91902
116720
26334
35659
113865
118182
65916
27117
62182
40701
60853
31783
96668
40604
52064
52025
70626
113713
122302
90959
45650
81805
76303
122304
122298
45934
113146
45564
51631
113897
118171
113884
113932
31913
52071
86702
29928
52041
83714
31904
51952
113733
52114
92392
118177
118199
40525
34762
51951
51842
60900
76290
70979
122306
29927
96636
52049
81903
51956
118176
61637
118174
40551
118208
92204
122305
122341
94535
81491
40600
61636
118254
98156
26332
60899
94408
60313
92216
120849
81869
113590
86689
70684
121206
51957
35657
118185
77887
112443
51858
50525
81901
52027
113936
41749
113886
94406
98143
29952
35658
91159
50156
45647
31305
83792
70377
52054
86611
120878
70671
52043
112379
81928
113879
113737
51720
98172
124100
92244
98136
113940
40664
112377
112437
40715
90943
91897
112563
52055
112438
40638
52038
31900
70659
81972
41690
51846
113923
81898
113935
98142
40646
81904
113937
81894
45645
70978
70380
113894
60859
118212
122301
51961
51723
113817
122104
98140
91053
71935
81907
122297
113711
59338
52032
34771
93733
52042
29955
113595
40624
113964
29929
50512
51960
95260
70663
98137
50005
76222
80927
92247
60860
120566
95253
81941
51958
95259
112556
122500
96528
113732
121214
52050
113596
76217
80932
40654
52035
113878
81896
98146
70385
92210
93711
122308
96529
91155
122295
40641
77903
113587
113898
121209
39940
40639
34769
113150
113891
113934
26343
35662
70982
96615
50514
113717
92265
112439
112285
113726
40599
80929
96644
122152
81934
51954
118178
45935
51955
52056
34758
40640
51636
96677
45939
81816
113730
112564
113971
41687
112337
35648
37575
51717
40696
52046
70379
61406
113866
34760
45644
70696
52060
90962
35851
97998
92207
78059
95328
113592
113925
51710
30369
70980
122300
35638
50172
113728
52012
113899
52052
113876
37389
39705
113141
113961
113716
74430
118215
96645
52090
34775
51721
53460
98139
53370
61628
77901
93710
70373
113600
31902
53500
91228
93738
31439
98134
52058
96652
120848
91977
113939
81899
70378
98133
113933
80996
113926
31551
96642
51950
112338
70642
113900
81386
53497
121272
96633
31766
39919
29919
92222
95261
113145
70984
Window 6
45655
118206
96640
41685
95262
113870
53454
96646
112442
112566
55742
113872
41689
51701
71023
40183
49995
50174
126516
129728
95228
96616
92250
93712
98145
70383
125446
52070
72094
125419
40610
92213
52061
113885
112454
113962
39942
70374
95256
31784
31548
129738
51953
93719
112562
31550
49999
112378
96643
31721
112428
113729
76223
113715
125415
35664
113140
40609
96635
50002
113963
76215
92237
73565
122307
44325
113970
39882
41683
113927
126814
70384
91899
113867
53487
96726
70977
35661
81900
113864
126844
51959
122294
51962
44342
70690
37589
126813
53503
122146
35629
113922
53495
40834
122303
52065
81858
118878
98167
31539
70376
113724
39795
40848
45941
50511
39794
95218
51725
113816
46347
70973
81492
98171
81902
70972
113893
40644
51935
52047
35653
125417
70653
40645
39863
91836
96641
70718
113815
113731
51963
125376
80113
40853
45600
34768
52031
61795
70693
120861
50160
92231
113594
125411
91905
52057
49814
52062
113928
40618
52072
41731
90957
51629
81724
34765
41680
76214
40635
44102
70372
125449
51715
76221
113863
125412
37578
120569
77990
34764
40605
41677
96632
118179
113875
113139
70681
95216
96614
113931
96639
112436
98141
98144
52029
40688
51716
93726
45651
96631
93734
86252
70687
51724
129734
91054
113725
71937
70632
81721
44356
91847
118195
70634
118173
125377
113818
125448
70680
50526
94881
126880
39929
45654
122296
92225
31747
93737
71943
91138
52028
98135
70645
81493
113887
113734
91055
92191
40716
125375
31560
52063
113869
76219
96671
113929
52113
81895
53499
92228
63635
52033
40631
44353
49974
53498
50524
113593
50602
55645
98169
51939
86315
96662
112440
112308
125453
76224
113930
128042
51630
93720
122509
40509
36899
73554
70669
51949
81802
92253
113871
61607
113149
51728
92239
70677
91967
45653
76220
40850
97289
67089
50009
112456
96630
45642
70672
92255
53458
35667
113747
51964
52068
113142
125447
53380
61592
122299
96650
48329
50159
53501
113723
96651
125418
51942
52059
53496
94404
44090
125413
113597
92219
113591
125374
129672
70381
97288
70981
34720
51722
118168
126964
70697
113137
70630
44345
40596
125451
41716
80146
95257
113727
81722
88693
70665
96637
91896
96638
39889
45646
70686
94867
113873
77872
51945
76216
40615
45648
92241
91845
39876
31729
76690
113692
112441
52127
50513
96634
81723
118191
113148
122148
98174
113877
118169
39880
45942
52053
96617
122112
125450
118175
125410
80159
80940
113924
90951
52037
78074
60851
76218
50157
50012
92266
113965
52051
98138
31728
92201
60326
113868
118256
94409
52044
70974
91902
116720
35659
113865
118182
65916
62182
40701
60853
31783
96668
40604
52064
52025
70626
113713
122302
90959
45650
81805
76303
122304
122298
45934
113146
45564
51631
113897
113884
125409
113932
31913
52071
86702
52041
83714
31904
51952
113733
52114
92392
118177
118199
40525
34762
51951
51842
76290
70979
122306
96636
52049
81903
51956
118176
125367
61637
118174
40551
118208
129720
92204
122305
122341
94535
81491
40600
61636
118254
98156
60899
94408
60313
92216
120849
81869
113590
125378
86689
70684
121206
51957
35657
118185
77887
112443
51858
126815
50525
81901
52027
113936
41749
113886
94406
98143
35658
91159
50156
45647
31305
83792
70377
52054
86611
120878
70671
125372
52043
112379
81928
113879
113737
51720
98172
124100
92244
98136
113940
40545
40664
112377
112437
40715
90943
91897
112563
52055
112438
40638
52038
31900
70659
81972
60861
41690
51846
113923
125445
81898
98142
40646
81904
113937
81894
45645
70978
70380
113894
60859
118212
122301
125416
51961
125389
51723
113817
122104
98140
91053
71935
81907
122297
113711
59338
52032
34771
93733
125414
52042
113595
40624
113964
50512
51960
95260
70663
98137
50005
76222
80927
92247
60860
120566
95253
81941
51958
95259
112556
122500
96528
113732
121214
52050
113596
76217
80932
40654
52035
113878
81896
98146
70385
92210
93711
122308
96529
91155
122295
40641
77903
113587
113898
121209
39940
40639
34769
113150
113891
113934
35662
70982
96615
48502
50514
113717
92265
112439
112285
113726
40599
80929
96644
122152
81934
51954
118178
45935
51955
52056
34758
40640
51636
96677
45939
81816
113730
112564
113971
41687
112337
35648
37575
51717
40696
52046
70379
61406
113866
34760
45644
70696
52060
90962
35851
97998
92207
78059
95328
113592
113925
51710
30369
70980
122300
35638
50172
113728
52012
125452
113899
46063
52052
113876
37389
39705
126594
113141
125373
113961
113716
74430
118215
96645
52090
34775
51721
53460
98139
53370
61628
77901
93710
70373
113600
125454
31902
53500
91228
93738
31439
98134
52058
96652
120848
91977
113939
81899
70378
98133
113933
80996
113926
31551
96642
51950
112338
70642
113900
127055
81386
53497
121272
96633
31766
39919
125371
92222
113145
70984
Window 7
45655
118206
96640
41685
132670
95262
113870
53454
96646
112442
112566
55742
113872
41689
51701
71023
40183
49995
50174
126516
129728
95228
96616
92250
93712
98145
70383
125446
134132
132069
52070
72094
125419
40610
92213
52061
131877
112454
132832
113962
41697
39942
70374
95256
129738
45936
51953
93719
112562
49999
112378
96643
95220
132299
112428
132922
113729
76223
113715
125415
35664
113140
40609
96635
50002
113963
134710
76215
92237
73565
122307
44325
113970
39882
41683
113927
126814
70384
91899
113867
53487
96726
70977
35661
81900
113864
126844
51959
122294
51962
44342
70690
37589
126813
53503
122146
35629
113922
53495
40834
122303
52065
81858
118878
98167
70376
113724
39795
40848
45941
50511
39794
95218
51725
113816
46347
70973
81492
98171
81902
70972
40644
51935
52047
35663
35653
125417
70653
40645
131924
39863
91836
96641
70718
113815
131894
113731
51963
80113
40853
45600
52031
61795
132078
70693
120861
50160
92231
113594
125411
91905
52057
49814
52062
113928
132593
40618
131884
52072
41731
131904
90957
51629
81724
41680
76214
40635
44102
70372
125449
51715
76221
113863
125412
132092
37578
120569
77990
40605
41677
96632
118179
113875
113139
70681
95216
96614
131897
113931
96639
50465
112436
98141
98144
52029
40688
51716
93726
45651
96631
132598
93734
125369
86252
70687
51724
129734
91054
113725
71937
70632
81721
44356
91847
118195
70634
125377
113818
125448
70680
50526
94881
126880
39929
45654
122296
92225
93737
71943
91138
52028
98135
70645
81493
113887
132682
113734
91055
92191
40716
125375
52063
113869
76219
96671
52113
81895
53499
92228
63635
52033
40631
44353
49974
53498
50524
113593
50602
55645
98169
51939
86315
96662
112440
132099
112308
125453
76224
113930
128042
51630
93720
122509
40509
36899
73554
70669
51949
81802
92253
113871
61607
113149
51728
131890
92239
70677
91967
45653
76220
40850
97289
67089
132100
50009
112456
132073
96630
45642
70672
92255
53458
35667
113747
51964
52068
113142
125447
132088
61592
122299
96650
132286
48329
50159
53501
113723
96651
125418
51942
52059
53496
94404
44090
125413
113597
92219
132091
113591
132580
125374
129672
70381
97288
70981
51722
118168
126964
70697
113137
132094
70630
44345
40596
125451
41716
80146
95257
113727
81722
88693
70665
125370
96637
91896
96638
39889
45646
70686
94867
113873
77872
51945
76216
40615
45648
92241
91845
39876
132097
132098
131872
76690
113692
112441
132671
52127
131874
50513
96634
132602
81723
118191
113148
122148
98174
113877
39880
45942
132678
52053
96617
122112
125450
125410
80159
80940
113924
90951
52037
78074
60851
132220
76218
50157
50012
92266
113965
52051
98138
92201
60326
113868
118256
94409
52044
70974
91902
116720
132093
35659
132072
113865
118182
65916
62182
40701
60853
131875
96668
40604
52064
52025
70626
113713
122302
90959
45650
81805
76303
122304
122298
45934
113146
45564
51631
125409
113932
52071
86702
52041
83714
51952
113733
52114
92392
131999
134130
118199
132080
51951
51842
76290
70979
122306
96636
52049
81903
51956
132081
125367
61637
40551
118208
92204
122305
122341
94535
81491
40600
61636
118254
132083
98156
60899
94408
132649
60313
92216
120849
81869
113590
125378
86689
70684
121206
51957
35657
118185
77887
112443
51858
126815
50525
81901
52027
113936
41749
94406
98143
35658
91159
50156
45647
83792
52054
86611
120878
70671
125372
52043
112379
132665
81928
113879
113737
51720
98172
124100
131965
92244
98136
113940
40545
40664
112377
112437
40715
90943
91897
112563
52055
112438
40638
131933
52038
70659
81972
60861
41690
51846
125445
81898
98142
40646
81904
113937
81894
45645
70978
70380
113894
60859
118212
131869
132594
122301
125416
51961
125389
51723
113817
122104
134211
98140
91053
134131
71935
81907
122297
113711
59338
52032
93733
125414
132577
52042
113595
132669
132209
40624
113964
50512
51960
95260
70663
98137
50005
76222
80927
92247
53455
60860
120566
95253
81941
51958
95259
112556
131888
122500
132908
96528
113732
121214
52050
113596
132679
76217
80932
131911
40654
52035
113878
132075
81896
98146
70385
92210
93711
122308
96529
132578
91155
122295
132674
40641
77903
113587
113898
121209
131918
39940
40639
131871
113150
113934
35662
70982
96615
50514
113717
131873
92265
112439
112285
113726
40599
80929
96644
122152
81934
51954
118178
45935
51955
52056
40640
51636
96677
45939
81816
113730
112564
113971
131868
41687
112337
35648
37575
51717
40696
52046
70379
61406
113866
131997
45644
70696
52060
90962
40512
35851
97998
92207
78059
95328
113592
51710
70980
122300
35638
40539
50172
113728
125452
46063
52052
113876
37389
39705
126594
113141
125373
113961
74430
118215
96645
52090
51721
53460
98139
53370
61628
77901
93710
134119
70373
113600
125454
53500
91228
93738
98134
52058
96652
120848
91977
113939
81899
70378
98133
80996
96642
51950
131876
112338
70642
113900
127055
81386
53497
121272
96633
39919
125371
92222
113145
132591
70984
Window 8
45655
118206
95262
137192
113870
55742
51701
71023
50174
126516
95228
96616
92250
70383
125446
134132
132069
72094
137191
52061
112454
132832
113962
129738
70641
112562
112378
96643
132299
112428
113729
113715
96635
50002
113963
92237
73565
122307
44325
113970
91899
70977
81900
122294
70690
122146
53495
40834
81858
61606
113724
45941
95218
51725
46347
81492
40644
51935
70674
137185
137193
40645
91836
113731
51963
80113
45600
52031
61795
132078
113594
125411
135570
52057
52062
132593
131904
90957
81724
41680
76214
44102
52034
113863
70635
40605
41677
96632
118179
113139
70681
95216
96614
131897
96639
112436
98144
45651
132598
86252
52040
70687
129734
113725
44356
91847
113818
125448
70680
50526
126880
93737
71943
52028
98135
132682
113734
60322
91055
135488
92191
40716
95252
52063
113869
76219
96671
52113
52033
50602
137184
98169
137194
96662
125453
76224
113930
128042
73554
51949
113871
61607
113149
70677
45937
91967
45653
76220
97289
132100
112456
70672
92255
53458
51964
52068
135476
60324
113142
125447
132088
61592
122299
132286
48329
53501
113723
52059
132091
113591
113137
70630
44345
113727
96637
91896
70686
51945
76216
40615
91845
135501
131872
76690
112441
52127
131874
96634
132602
81723
137188
132678
96617
122112
137182
80940
52037
60851
132220
76218
50157
113965
60326
113868
94409
52044
91902
116720
132093
132072
40701
40604
52025
113713
90959
45650
76303
122304
137189
113146
45564
51631
52071
86702
83714
92392
135489
132080
40525
51951
51842
76290
70979
122306
96636
52049
51956
137172
125367
61637
137195
118208
135494
92204
122305
94535
81491
40600
61636
132083
98156
94408
120849
81869
86689
51957
118185
112443
51858
126815
50525
81901
52027
113936
41749
91159
50156
83792
52054
86611
120878
70671
52043
112379
132665
81928
113879
51720
98172
124100
131965
40664
40715
52055
112438
70659
41690
81898
98142
40646
81904
113937
81894
70978
113894
132594
122301
125416
51961
98140
91053
134131
71935
122297
59338
52032
93733
132669
132209
40624
50512
98137
92247
53455
61605
60860
120566
51958
95259
122500
96528
113732
121214
52050
132679
76217
80932
135464
131911
98146
70385
122308
132578
132674
40641
113587
131918
40639
131871
135491
135484
70982
113717
137183
112285
113726
96644
45935
51955
52056
40640
51636
45939
81816
41687
51717
40696
52046
113866
60325
131997
52060
60318
97998
92207
95328
113592
122300
50172
113728
125452
52052
135485
113876
70655
126594
113141
113961
52090
53460
98139
93710
53500
91228
93738
52058
96652
120848
91977
81899
70378
96642
60316
51950
131876
112338
113900
127055
81386
52045
92222
132591
96640
41685
134128
53454
96646
112442
112566
113872
41689
40183
49995
129728
93712
98145
52070
125419
40610
92213
131877
41697
70374
95256
45936
51953
93719
70382
49999
95220
132922
76223
125415
113140
40609
134710
76215
41683
113927
126814
70384
113867
53487
96726
70650
113864
126844
51959
137187
51962
44342
126813
53503
113922
122303
52065
135473
118878
98167
131879
70376
40848
50511
113816
70973
98171
81902
70972
52047
125417
70653
131924
96641
70718
113815
131894
137196
40853
70693
120861
50160
92231
91905
137186
49814
113928
40618
131884
52072
41731
51629
40635
70372
125449
138461
51715
76221
125412
132092
60321
120569
135439
113875
113931
98141
52029
40688
51716
93726
96631
93734
125369
51724
135654
91054
71937
70632
81721
118195
70634
125377
70685
94881
45654
122296
92225
52026
91138
70645
81493
70638
81895
53499
135479
92228
63635
40631
44353
49974
53498
50524
113593
60314
55645
51939
86315
112440
132099
112308
51630
93720
122509
40509
70669
81802
92253
137190
51728
131890
92239
40850
135500
67089
61601
50009
132073
96630
45642
113747
96650
50159
96651
125418
51942
53496
94404
44090
125413
113597
92219
132580
125374
129672
70381
97288
70981
51722
126964
70697
132094
40596
125451
52030
41716
80146
81722
88693
70665
125370
96638
45646
94867
113873
77872
45648
92241
132097
132098
135495
113692
132671
50513
60317
135470
118191
113148
122148
98174
113877
45942
52053
125450
125410
80159
113924
90951
78074
60323
50012
92266
52051
98138
92201
118256
70974
113865
118182
65916
62182
60853
131875
52064
70626
122302
81805
122298
45934
125409
113932
52041
51952
113733
52114
131999
134130
118199
81903
132081
40551
122341
118254
60899
132649
60313
92216
113590
125378
70684
121206
77887
94406
98143
45647
70377
113737
92244
98136
113940
40545
112377
112437
90943
91897
112563
40638
131933
52038
81972
60861
51846
125445
135653
45645
70380
60859
131869
125389
51723
113817
134211
81907
113711
135497
125414
132577
52042
113595
113964
51960
95260
70663
50005
76222
80927
52048
95253
81941
112556
131888
132908
113596
40654
52035
113878
132075
81896
92210
93711
96529
91155
122295
77903
113898
121209
113150
113934
96615
50514
131873
92265
112439
120568
40599
80929
70640
122152
81934
51954
118178
113730
112564
113971
131868
112337
70379
61406
45644
70696
90962
40512
78059
51710
70980
135496
70639
46063
125373
74430
96645
51721
53370
61628
77901
134119
70373
113600
125454
60315
60320
98134
113939
98133
80996
125368
70642
53497
121272
96633
113145
70984
Window 9
45655
118206
95262
137192
113870
55742
51701
71023
142304
50174
126516
95228
96616
92250
70383
125446
134132
132069
72094
137191
141407
52061
112454
132832
113962
129738
70641
112562
112378
96643
132299
112428
113729
113715
96635
50002
113963
92237
73565
122307
113970
91899
70977
81900
122294
70690
122146
53495
142298
81858
113724
45941
95218
51725
46347
81492
51935
137185
137193
91836
113731
51963
80113
45600
52031
61795
132078
113594
125411
135570
52057
52062
132593
131904
142295
90957
81724
76214
113863
96632
118179
113139
70681
95216
96614
131897
96639
112436
98144
45651
132598
70687
129734
113725
91847
113818
125448
70680
50526
126880
93737
71943
52028
98135
132682
113734
91055
135488
92191
52063
113869
76219
96671
52033
50602
137184
98169
137194
96662
125453
76224
113930
128042
73554
51949
113871
61607
113149
70677
45937
91967
45653
76220
97289
132100
112456
70672
92255
53458
142284
51964
52068
135476
60324
113142
125447
132088
61592
122299
132286
48329
53501
113723
52059
141200
132091
113591
113137
70630
142281
113727
96637
91896
70686
51945
76216
91845
135501
131872
76690
112441
52127
131874
96634
132602
81723
137188
132678
96617
122112
137182
80940
52037
60851
132220
76218
50157
113965
60326
113868
94409
52044
91902
116720
132093
132072
52025
90959
45650
76303
122304
137189
113146
45564
51631
52071
86702
83714
92392
135489
132080
51951
51842
76290
70979
122306
96636
52049
51956
137172
125367
61637
137195
118208
135494
92204
122305
94535
81491
61636
132083
98156
94408
120849
81869
86689
141400
51957
118185
112443
51858
126815
50525
81901
52027
113936
142403
91159
50156
83792
52054
86611
120878
70671
52043
112379
132665
81928
113879
51720
98172
124100
131965
52055
112438
70659
131141
81898
98142
81904
113937
81894
70978
113894
132594
122301
125416
51961
98140
91053
134131
71935
122297
59338
52032
93733
132669
132209
142392
50512
98137
92247
53455
60860
120566
51958
95259
122500
96528
113732
121214
52050
132679
76217
80932
131911
98146
70385
122308
132578
132674
113587
131918
131871
135491
135484
70982
113717
137183
112285
113726
96644
45935
51955
52056
51636
45939
81816
51717
52046
113866
60325
131997
52060
55562
97998
92207
95328
113592
122300
50172
113728
125452
52012
52052
135485
113876
126594
113141
113961
52090
53460
98139
93710
53500
91228
93738
52058
96652
120848
91977
81899
70378
96642
51950
131876
112338
113900
127055
81386
52045
92222
132591
96640
53454
96646
112442
112566
113872
49995
129728
93712
98145
52070
125419
92213
131877
70374
95256
45936
51953
93719
49999
95220
132922
76223
125415
113140
50464
134710
76215
141266
113927
126814
70384
113867
53487
96726
141401
113864
126844
51959
137187
51962
126813
53503
144288
113922
122303
52065
135473
118878
98167
131879
70376
50511
113816
70973
98171
81902
70972
52047
125417
70653
96641
70718
113815
131894
137196
70693
120861
50160
92231
91905
137186
49814
113928
131884
52072
51629
70372
125449
138461
51715
76221
125412
132092
120569
135439
113875
113931
50465
98141
52029
51716
93726
96631
93734
125369
51724
135654
91054
71937
70632
81721
118195
70634
125377
94881
45654
122296
92225
91138
112380
70645
81493
141403
81895
53499
135479
92228
63635
49974
53498
50524
113593
55645
51939
86315
112440
132099
112308
142292
51630
93720
122509
70669
141442
81802
92253
137190
51728
131890
92239
135500
67089
61601
50009
132073
96630
45642
113747
141396
142268
96650
50159
96651
125418
51942
53496
94404
125413
113597
92219
132580
125374
129672
70381
97288
70981
51722
126964
70697
132094
125451
80146
81722
88693
70665
125370
96638
45646
94867
113873
77872
45648
92241
132097
132098
135495
113692
132671
50513
135470
118191
113148
122148
98174
113877
45942
52053
125450
125410
80159
113924
90951
78074
60323
50012
92266
52051
98138
92201
118256
70974
113865
118182
65916
62182
60853
131875
52064
70626
122302
81805
122298
45934
125409
113932
52041
142404
51952
113733
52114
131999
134130
118199
81903
132081
122341
118254
60899
132649
60313
92216
113590
125378
70684
121206
77887
94406
98143
45647
142071
70377
113737
92244
98136
113940
112377
112437
90943
91897
112563
131933
52038
81972
60861
51846
125445
135653
45645
70380
60859
131869
125389
51723
113817
134211
81907
113711
135497
125414
132577
52042
113595
113964
51960
95260
142746
70663
50005
76222
80927
95253
81941
112556
131888
132908
50462
113596
52035
113878
132075
81896
50463
92210
93711
96529
91155
122295
77903
113898
121209
113150
113934
96615
50514
131873
92265
112439
120568
80929
122152
81934
51954
118178
98170
113730
112564
113971
131868
80785
112337
70379
61406
98177
135482
45644
70696
90962
51710
70980
135496
94407
46063
125373
74430
96645
51721
53370
61628
77901
134119
70373
113600
125454
98134
113939
98133
80996
125368
70642
53497
121272
96633
113145
70984
