Window 0
24135
53383
24194
756
762
2476
443
457
1945
291
24246
2440
319
823
24153
2730
2165
323
53428
2096
2226
2066
24180
2132
2458
53275
2574
2312
24210
11635
23860
956
348
53122
2634
849
473
2325
284
2579
233
166
24183
53431
53499
53205
24032
890
383
2406
857
2569
2532
475
460
2552
23963
53167
769
2105
2526
53183
1959
23929
2246
24073
344
53602
470
886
772
23863
53014
429
53510
23839
2482
2445
11637
11570
685
11726
1908
11671
2570
949
144
23956
2371
294
53552
24238
724
23814
53497
11632
2735
2020
2332
2721
678
53456
23995
2357
318
583
53200
53004
11695
2575
11701
11594
11588
53179
24166
2393
24056
11649
736
23986
53481
960
2015
53100
53306
315
688
412
2044
23899
2121
1942
23806
2510
53444
945
53429
2296
2311
23905
262
2002
150
11537
11756
1961
2668
24110
24115
53258
53360
53116
303
2649
285
2278
335
201
770
2118
11736
24186
259
2130
2409
23991
539
53426
763
368
53265
781
536
2304
24185
53156
11606
875
53551
24177
2146
53400
962
674
2537
23850
23829
2201
23939
53538
53332
2197
2370
53203
2547
11728
897
53034
841
2110
53504
23993
600
528
53239
2138
53245
175
23844
24146
24013
737
2419
545
11647
53267
2361
53292
817
11579
707
11705
53518
2225
2252
53511
604
2407
53254
699
24172
431
933
24059
511
687
53307
1936
586
782
394
163
227
2477
11727
2628
2770
599
2385
965
519
53191
683
2119
521
24010
486
11518
1932
2040
2388
2433
53398
24035
2627
53451
2314
905
53584
531
827
53087
24200
418
2557
23931
53373
11615
654
1953
53247
23842
2223
2597
2365
487
11626
725
11601
2018
2209
202
589
11640
24033
53204
667
53195
658
673
11720
53224
341
549
53433
53446
1971
2792
53389
2231
11769
2553
698
53249
183
24232
585
11713
53593
53235
2111
854
2443
488
2102
24123
53018
2614
53562
24257
691
11529
920
53283
2083
851
24080
361
337
2289
2462
242
53403
495
347
2212
280
11674
53197
24169
53042
2286
2489
24218
2180
53123
2572
24140
23915
53118
805
53271
896
24278
899
819
2679
550
2475
870
2037
776
2470
2543
2549
53026
2424
11617
334
472
739
53502
23912
11593
2173
797
305
1977
24134
2616
2014
947
508
2516
727
489
2618
23984
2264
11590
479
855
11670
2189
2178
2255
2408
2029
23902
53300
172
931
53020
880
2544
523
2176
286
2505
811
938
701
885
900
2328
2432
53057
1915
2588
2099
23887
53539
53388
23840
23838
24254
23936
53458
11742
24065
2545
53543
23888
553
268
842
53483
53349
11521
11763
232
708
579
203
852
23978
1982
23802
53092
428
11513
742
2380
865
2426
2464
23843
696
11624
11648
24093
357
24141
2290
1951
655
53319
24112
906
11745
2308
24119
295
24030
307
2469
516
1954
53069
11791
2548
2174
2267
23861
53074
53228
2116
2154
23908
53357
24095
818
2450
213
554
760
300
53278
11592
53396
530
24212
926
2232
2362
2441
177
2428
329
269
53498
515
814
2115
23900
512
2376
24214
53343
2293
681
452
24081
2164
24133
240
682
281
402
23952
2117
53422
11685
53368
2346
11715
2654
2507
304
24211
24067
53158
2486
711
24165
2160
636
24215
1997
2046
493
53467
11741
1964
2126
2394
52918
11673
2072
53285
893
2192
53355
888
53472
955
731
53095
370
171
11569
477
668
912
11525
23836
929
2474
565
11589
53399
23987
2378
324
1902
952
2344
235
862
484
2485
320
11746
53318
2210
11642
11740
2592
24045
11571
53284
975
53213
2227
679
2298
53201
2413
2384
138
53140
374
23893
53453
832
23886
23818
639
53493
778
195
53037
278
2504
11733
53424
481
445
53091
879
1917
53220
274
611
1958
11758
1934
53068
53161
924
11696
24046
53130
2338
11502
53440
2076
53478
2461
181
24244
2641
2089
2266
2317
53241
917
1935
53623
23858
1906
871
53460
2302
499
151
53681
194
24229
2079
753
379
882
2086
53162
23997
339
458
53000
11699
2589
715
2095
764
2529
53471
2228
11607
1990
24195
2182
24199
387
217
1992
11600
24242
23889
11545
2058
958
53323
53112
53050
751
868
2411
11611
2087
556
53099
53103
221
257
918
2222
24276
2578
2277
970
53229
610
11662
718
2492
11658
1970
2398
53313
53058
971
24118
11682
53214
53182
53257
11538
2063
2281
2793
53261
2602
414
24106
435
2430
839
24176
695
809
11765
444
23894
2145
53576
346
53149
601
53334
24201
2345
53402
538
2643
358
2186
859
365
53622
467
224
2054
11650
2082
1996
53270
1903
266
504
2059
24113
24233
53342
53040
24157
53048
53189
312
178
630
2343
2418
396
746
11555
874
2195
2360
24245
822
11620
23897
24156
11616
11581
2584
23966
350
2417
2621
53463
2010
2563
11565
469
830
1909
11527
53054
390
502
730
270
2439
1950
296
311
497
53282
53176
887
53464
2508
24016
2715
2309
2720
53219
11596
1930
973
631
766
53269
643
2457
24228
552
641
618
2506
11598
2337
316
145
2074
1949
640
2480
11603
332
11681
53223
2009
806
23868
378
785
2139
934
2078
501
1901
2395
11631
23964
692
2170
11768
24148
2410
422
1929
2270
53184
2244
23930
2239
1967
728
53024
53331
2568
834
2554
11618
2094
53250
24243
11604
2415
2444
11627
24108
23971
53316
749
24193
2377
24173
2294
53129
24025
1946
23918
23865
243
2084
24021
2272
496
53314
800
2161
53146
191
24008
440
23983
2373
24068
2320
2166
446
24122
53260
24071
24170
735
11541
23827
1962
53405
2175
253
23854
11711
53645
569
11661
11561
53435
2034
220
53012
24101
24057
24024
605
400
11667
537
23998
24129
53113
2057
11547
157
23847
23962
620
53227
11729
314
53371
167
433
2567
2028
11524
53066
2287
588
2193
2677
53225
807
53432
53187
23819
53139
53423
160
828
466
24213
53143
2295
53379
2397
612
425
53198
1952
23800
11748
664
2179
205
2573
677
780
11743
53394
53563
186
2279
831
147
2168
2300
24075
53359
326
676
11563
624
2127
11646
24011
11657
23890
2587
563
2091
24002
24053
2291
53597
916
660
441
2038
248
2488
53266
24114
645
53459
2203
2487
2533
2559
11623
2493
53221
2367
2499
24096
919
768
372
2098
187
53516
2220
2062
2334
297
11688
505
282
11767
921
2324
11732
53208
2112
500
24182
53047
669
23945
53163
53061
738
623
24058
2254
2564
267
635
23903
2019
11553
2835
24049
2073
847
53366
23977
979
2136
1947
53218
53237
53226
24111
2451
53031
2358
694
24014
53127
276
1860
988
2242
24060
53427
24043
2141
2434
229
11517
199
23992
24089
331
2498
279
621
909
2539
53233
1957
53023
261
2065
23845
204
632
11573
53470
24105
11737
2405
11654
53196
23935
2208
53165
543
837
567
293
24191
2030
53056
622
155
2092
53437
53159
53104
24061
2359
24026
53210
11722
2455
53455
1974
359
52997
2501
11562
2323
821
642
23955
840
2171
671
990
759
53098
273
2103
11630
2056
471
1910
2467
2003
53128
24094
2190
810
53683
925
23989
2448
169
11556
872
53417
252
1918
754
24098
2372
2268
53032
11787
24231
783
2247
23841
1927
573
24162
23923
11689
2068
2431
835
53121
844
2364
2008
23924
23864
53372
369
23859
24145
53276
24085
775
24028
53469
11591
11759
11709
53153
628
2339
2421
52931
53512
825
2538
53533
11544
53108
2207
11634
2645
406
741
625
52996
2390
913
53297
2101
526
366
53329
53291
937
1986
2230
765
53125
24076
465
11679
53351
546
820
1966
271
53281
720
2023
360
476
2446
2269
23772
52977
309
789
907
247
2639
24139
752
53560
2496
23876
53450
23879
53501
11511
1972
784
2159
1965
386
1895
558
236
53376
24077
53363
53304
590
397
24066
24055
11612
2149
626
11597
2187
2069
1994
936
2580
24120
2297
53556
53160
23869
2473
2542
11508
2031
53286
2391
2125
2004
2133
651
591
2113
53215
11814
158
928
24240
24250
275
24117
11572
23906
2303
53211
2282
11704
53243
922
598
245
2656
2075
964
1983
2591
704
616
24040
355
562
607
459
53320
2144
829
53144
53272
11788
53097
260
11690
53415
2517
448
2696
571
984
53367
734
255
24275
23947
1993
2414
53193
263
858
23920
2404
23933
23981
1884
321
24167
2071
24006
53287
215
2330
941
2383
188
11551
53414
903
2514
609
11730
615
2224
2177
53049
1880
317
721
2581
23982
53378
53173
23896
2200
24138
53345
23922
11652
2369
23853
722
976
570
24092
2662
52998
24063
942
11546
555
11554
53337
895
53222
24019
53171
226
11706
53148
593
2491
11540
23909
684
404
853
2438
717
11564
432
53294
547
53244
338
53500
2088
2535
325
2316
23799
53236
415
2336
152
53060
1939
327
23917
2026
723
492
2322
143
2217
222
11638
2566
779
748
11575
53532
529
53073
23941
11700
1893
23828
824
716
141
53522
24175
826
53578
2243
2259
23919
935
256
223
595
2326
53202
53466
657
53301
2064
23970
23914
2001
388
911
23980
985
382
53358
53441
908
2050
11602
11595
11665
24274
2258
174
11599
24219
53344
289
967
2472
2067
24160
53541
308
2051
474
290
2582
2663
53384
24264
978
507
24015
53397
427
2218
2036
53181
173
24099
613
23880
23882
11678
540
791
23927
340
24184
24020
703
53540
2253
249
2233
2607
11677
11608
23916
1923
53232
520
2129
53339
2525
24103
53094
399
2249
254
665
1976
53601
2123
53093
11680
53178
944
11684
53608
53051
185
758
23994
301
799
761
661
24069
740
2471
53038
2163
587
11535
2070
1963
2142
23884
11584
198
2204
503
53324
2540
2042
2347
2387
23960
23867
24036
53053
24174
480
53145
838
162
53242
53035
1979
23837
11721
714
23790
53279
53321
364
53083
53106
11664
2630
53132
434
597
747
53325
2460
2318
24224
439
580
2327
2536
2237
53114
2546
2214
542
1980
23901
11558
2355
596
2615
53311
53138
53412
940
11609
24090
2305
11714
2655
2205
2213
24029
559
53449
23937
889
53473
686
1928
2090
24248
482
690
53509
11548
2045
24104
2147
2680
264
24126
23813
24155
2341
330
2422
977
23996
744
430
662
11577
575
712
544
2100
2047
1907
637
53574
2153
525
11510
614
11773
2005
11523
2273
2368
53135
53327
2435
2674
11717
23833
24132
2423
2150
53326
513
726
980
2148
53117
53253
2301
24230
53174
53530
786
577
53407
403
53370
11587
867
522
2401
24151
250
53474
883
2061
23874
287
2022
11698
53180
53164
24083
2653
11738
24128
53362
24149
803
2500
666
11610
2315
771
2739
2396
1995
619
2236
11536
11656
2522
2162
11582
23878
336
53136
52932
1911
2590
53354
568
23932
796
564
23934
633
485
23965
2199
53070
1925
2583
617
405
53194
53166
24207
757
161
2211
53387
1931
2352
974
53027
23820
2565
2382
53256
354
24012
948
306
1998
24109
923
582
2478
634
2648
53084
225
2560
864
2453
53534
483
411
2060
24052
506
367
2248
53347
2261
23852
197
24159
1987
454
343
2124
2012
11668
53072
2375
53309
380
2299
24220
648
53317
23904
951
345
23807
2515
2399
1922
1989
2381
53330
23951
23961
190
53217
53259
11644
53361
953
23950
1956
24097
494
455
2586
11559
53090
11614
210
53102
24007
2356
23968
53177
804
2276
574
24072
24074
2275
23946
898
228
24181
11750
53477
884
53365
53101
53333
1894
179
53484
53448
11506
192
407
53587
11697
2283
362
2389
1988
24249
53110
850
777
2576
798
11719
24039
189
23812
53406
1948
11641
709
2644
53445
322
24079
53654
2523
2673
11568
53411
53535
24154
1944
164
2292
1921
11659
2495
244
53216
11734
675
426
873
53475
2596
53338
53375
2694
11653
23875
11533
11526
409
53486
24235
2599
24234
53251
914
53546
795
2593
2185
288
456
2135
23940
11621
298
11578
53168
532
11574
24247
869
23925
710
258
603
2402
53041
53107
11703
2260
23815
2636
2280
527
11718
53080
2257
219
11725
53052
2512
2351
23891
11633
2206
23870
11550
2122
393
2043
2288
23943
11724
417
638
2151
2534
11543
11761
866
982
349
53290
416
2551
24034
2053
53410
2240
53142
53310
2202
24027
53065
950
972
24273
2617
792
659
24127
2756
23954
53519
2412
2497
2520
24226
310
1943
2374
449
2541
23910
706
200
193
216
53131
218
2191
2479
53447
2169
53299
53268
2363
790
24121
11808
24023
24086
53109
11534
53234
53019
2646
53288
680
53212
313
2183
24150
153
24171
534
2633
23811
2238
1981
2198
11605
663
176
11789
24070
53315
53537
11636
23926
572
23892
53120
53443
2104
53346
53071
2039
510
11580
2519
24196
2449
2716
2158
277
206
2155
1919
53186
53476
53480
2263
53188
182
24258
53393
24144
24041
424
856
2635
53152
53496
24009
2251
23938
11625
2348
53413
353
881
53119
24084
53482
743
53262
53255
11660
391
24102
53369
755
398
53517
2481
11753
915
845
24107
1912
2366
53062
647
23898
2640
23911
53380
53064
566
23808
11731
159
815
2403
963
2429
53385
53408
11735
302
812
11779
395
689
524
848
53154
1913
23883
11694
2456
693
11651
23849
2081
2106
392
23877
23824
2331
11619
2196
11693
53404
551
2055
208
11528
23944
23949
2085
11566
2229
646
892
1969
932
53531
1975
2490
283
2256
53192
11643
846
239
442
420
53401
23856
23928
2041
2502
2503
2605
729
672
436
969
1991
53457
904
53076
211
410
24087
24048
2606
2386
11683
23862
878
2241
423
53240
2561
24188
2000
24037
11583
2093
53536
2007
53248
53293
53133
53350
24197
24192
53289
2494
2027
11749
53086
24290
2425
53479
53263
2420
413
11622
53302
2235
2329
11712
463
24003
53513
2509
53141
23988
2466
2108
24018
719
2285
53436
2307
53105
53079
732
2016
2619
11532
23871
2021
401
2555
2025
351
1978
608
53390
11757
53029
53150
53206
24259
11702
1914
53377
2521
230
328
2530
53157
1973
2484
23990
2670
408
836
644
53303
11542
1938
11515
584
2671
11512
2310
509
11747
53616
2675
53231
11676
2392
652
375
11669
2033
2562
2188
2604
53489
212
209
53088
2558
2610
53468
24130
2250
11585
891
2442
53175
11639
576
2416
11516
24131
53134
961
2216
2658
11723
2221
53439
957
11530
2354
251
514
24227
53126
2156
24125
1933
363
53170
447
356
53514
2049
490
2013
24136
478
53348
11707
700
653
53544
53274
592
11751
991
53454
23957
2284
53374
53364
2052
170
787
2215
149
53391
376
23872
24152
2483
11539
2650
24100
2691
53155
2427
901
24064
53022
451
52945
154
1920
53230
2335
53356
24301
927
53199
578
697
2152
24221
627
2518
11691
11744
24142
11645
53606
2454
23885
816
53392
53503
491
656
24054
23907
24005
53485
2194
23972
53028
670
2637
53322
53238
292
11710
2340
774
23881
894
461
11586
53295
265
1886
389
11686
2342
794
560
11766
2157
23776
535
53273
53089
2271
52999
53335
272
2350
24252
773
11692
2181
214
2234
2245
146
23979
23921
11663
989
2623
11628
11557
53077
1904
53172
910
53078
860
421
11549
2137
2109
53487
53298
750
168
2682
2265
11672
23948
930
23974
23985
2571
802
53096
53209
384
53169
24017
11531
377
53386
2077
24042
2550
24161
650
53252
11755
11509
843
24124
2664
2321
2447
53312
24051
581
53430
11716
53353
11560
53030
462
2274
833
11666
53340
53055
24050
24038
1955
2463
11675
2024
352
23959
2436
2594
53075
53016
11552
381
2400
53264
23825
2035
594
11507
53529
24168
793
53151
53190
2313
11629
498
946
2131
533
11655
53124
53416
902
2114
148
53296
24062
813
2513
2306
23942
2120
2140
53044
861
24187
234
23958
713
207
53063
53046
2751
1924
2032
788
517
2097
53280
2048
11576
2437
156
2017
53545
24044
53336
2452
241
2128
2353
24078
24223
2184
876
53207
2379
246
24091
24261
180
385
2219
23846
24047
2172
24000
11760
548
629
23999
1985
2080
53246
2167
373
53308
24163
23973
238
959
2468
801
299
24022
2333
53081
53115
53527
541
231
863
1999
24088
11708
11739
2319
53381
24031
2349
808
11567
371
53549
24147
24190
966
24082
53328
23831
23969
437
438
2652
53137
954
53305
11687
649
464
24205
419
767
877
23975
196
602
557
53036
23953
23873
2629
24143
184
24267
342
1984
53277
745
2134
606
2107
2511
705
53462
11519
23743
939
11514
24001
2011
333
968
53438
450
453
2531
702
24116
237
2459
53382
24203
165
24255
2262
2622
2006
518
733
53352
23967
2143
943
53395
53452
24004
11613
1940
2465
561
23913
1968
24216
24237
468
Window 1
24135
53383
24194
24246
24153
53428
24180
53275
24210
11635
23860
53122
24183
53431
53499
53205
24032
23963
53167
53183
23929
24073
53602
23863
53014
53510
23839
11637
11570
11726
11671
23956
53552
24238
23814
53497
11632
53456
23995
53200
53004
11695
11701
11594
11588
53179
24166
24056
11649
23986
53481
53100
53306
23899
23806
53444
53429
23905
11537
11756
24110
24115
53258
53360
53116
11736
24186
23991
53426
53265
24185
53156
11606
53551
24177
53400
23850
23829
23939
53538
53332
53203
11728
53034
53504
23993
53239
53245
23844
24146
24013
11647
53267
53292
11579
11705
53518
53511
53254
24172
24059
53307
11727
53191
24010
11518
53398
24035
53451
53584
53087
24200
23931
53373
11615
53247
23842
11626
11601
11640
24033
53204
53195
11720
53224
53433
53446
53389
11769
53249
24232
11713
53593
53235
24123
53018
53562
24257
11529
53283
24080
53403
11674
53197
24169
53042
24218
53123
24140
23915
53118
53271
24278
53026
11617
53502
23912
11593
24134
23984
11590
11670
23902
53300
53020
53057
23887
53539
53388
23840
23838
24254
23936
53458
11742
24065
53543
23888
53483
53349
11521
11763
23978
23802
53092
11513
23843
11624
11648
24093
24141
53319
24112
11745
24119
24030
53069
11791
23861
53074
53228
23908
53357
24095
53278
11592
53396
24212
53498
23900
24214
53343
24081
24133
23952
53422
11685
53368
11715
24211
24067
53158
24165
24215
53467
11741
52918
11673
53285
53355
53472
53095
11569
11525
23836
11589
53399
23987
11746
53318
11642
11740
24045
11571
53284
53213
53201
53140
23893
53453
23886
23818
53493
53037
11733
53424
53091
53220
11758
53068
53161
11696
24046
53130
11502
53440
53478
24244
53241
53623
23858
53460
53681
24229
53162
23997
53000
11699
53471
11607
24195
24199
11600
24242
23889
11545
53323
53112
53050
11611
53099
53103
24276
53229
11662
11658
53313
53058
24118
11682
53214
53182
53257
11538
53261
24106
24176
11765
23894
53576
53149
53334
24201
53402
53622
11650
53270
24113
24233
53342
53040
24157
53048
53189
11555
24245
11620
23897
24156
11616
11581
23966
53463
11565
11527
53054
53282
53176
53464
24016
53219
11596
53269
24228
11598
11603
11681
53223
23868
11631
23964
11768
24148
53184
23930
53024
53331
11618
53250
24243
11604
11627
24108
23971
53316
24193
24173
53129
24025
23918
23865
24021
53314
53146
24008
23983
24068
24122
53260
24071
24170
11541
23827
53405
23854
11711
53645
11661
11561
53435
53012
24101
24057
24024
11667
23998
24129
53113
11547
23847
23962
53227
11729
53371
11524
53066
53225
53432
53187
23819
53139
53423
24213
53143
53379
53198
23800
11748
11743
53394
53563
24075
53359
11563
11646
24011
11657
23890
24002
24053
53597
53266
24114
53459
11623
53221
24096
53516
11688
11767
11732
53208
24182
53047
23945
53163
53061
24058
23903
11553
24049
53366
23977
53218
53237
53226
24111
53031
24014
53127
24060
53427
24043
11517
23992
24089
53233
53023
23845
11573
53470
24105
11737
11654
53196
23935
53165
24191
53056
53437
53159
53104
24061
24026
53210
11722
53455
52997
11562
23955
53098
11630
53128
24094
53683
23989
11556
53417
24098
53032
11787
24231
23841
24162
23923
11689
53121
23924
23864
53372
23859
24145
53276
24085
24028
53469
11591
11759
11709
53153
52931
53512
53533
11544
53108
11634
52996
53297
53329
53291
53125
24076
11679
53351
53281
23772
52977
24139
53560
23876
53450
23879
53501
11511
53376
24077
53363
53304
24066
24055
11612
11597
24120
53556
53160
23869
11508
53286
53215
11814
24240
24250
24117
11572
23906
53211
11704
53243
24040
53320
53144
53272
11788
53097
11690
53415
53367
24275
23947
53193
23920
23933
23981
24167
24006
53287
11551
53414
11730
53049
23982
53378
53173
23896
24138
53345
23922
11652
23853
24092
52998
24063
11546
11554
53337
53222
24019
53171
11706
53148
11540
23909
11564
53294
53244
53500
23799
53236
53060
23917
11638
11575
53532
53073
23941
11700
23828
53522
24175
53578
23919
53202
53466
53301
23970
23914
23980
53358
53441
11602
11595
11665
24274
11599
24219
53344
24160
53541
53384
24264
24015
53397
53181
24099
23880
23882
11678
23927
24184
24020
53540
11677
11608
23916
53232
53339
24103
53094
53601
53093
11680
53178
11684
53608
53051
23994
24069
53038
11535
23884
11584
53324
23960
23867
24036
53053
24174
53145
53242
53035
23837
11721
23790
53279
53321
53083
53106
11664
53132
53325
24224
53114
23901
11558
53311
53138
53412
11609
24090
11714
24029
53449
23937
53473
24248
53509
11548
24104
24126
23813
24155
23996
11577
53574
11510
11773
11523
53135
53327
11717
23833
24132
53326
53117
53253
24230
53174
53530
53407
53370
11587
24151
53474
23874
11698
53180
53164
24083
11738
24128
53362
24149
11610
11536
11656
11582
23878
53136
52932
53354
23932
23934
23965
53070
53194
53166
24207
53387
53027
23820
53256
24012
24109
53084
53534
24052
53347
23852
24159
11668
53072
53309
24220
53317
23904
23807
53330
23951
23961
53217
53259
11644
53361
23950
24097
11559
53090
11614
53102
24007
23968
53177
24072
24074
23946
24181
11750
53477
53365
53101
53333
53484
53448
11506
53587
11697
24249
53110
11719
24039
23812
53406
11641
53445
24079
53654
11568
53411
53535
24154
11659
53216
11734
53475
53338
53375
11653
23875
11533
11526
53486
24235
24234
53251
53546
23940
11621
11578
53168
11574
24247
23925
53041
53107
11703
23815
11718
53080
11725
53052
23891
11633
23870
11550
23943
11724
11543
11761
53290
24034
53410
53142
53310
24027
53065
24273
24127
23954
53519
24226
23910
53131
53447
53299
53268
24121
11808
24023
24086
53109
11534
53234
53019
53288
53212
24150
24171
23811
11605
11789
24070
53315
53537
11636
23926
23892
53120
53443
53346
53071
11580
24196
53186
53476
53480
53188
24258
53393
24144
24041
53152
53496
24009
23938
11625
53413
53119
24084
53482
53262
53255
11660
24102
53369
53517
11753
24107
53062
23898
23911
53380
53064
23808
11731
53385
53408
11735
11779
53154
23883
11694
11651
23849
23877
23824
11619
11693
53404
11528
23944
23949
11566
53531
53192
11643
53401
23856
23928
53457
53076
24087
24048
11683
23862
53240
24188
24037
11583
53536
53248
53293
53133
53350
24197
24192
53289
11749
53086
24290
53479
53263
11622
53302
11712
24003
53513
53141
23988
24018
53436
53105
53079
11532
23871
53390
11757
53029
53150
53206
24259
11702
53377
53157
23990
53303
11542
11515
11512
11747
53616
53231
11676
11669
53489
53088
53468
24130
11585
53175
11639
11516
24131
53134
11723
53439
11530
24227
53126
24125
53170
53514
24136
53348
11707
53544
53274
11751
53454
23957
53374
53364
53391
23872
24152
11539
24100
53155
24064
53022
52945
53230
53356
24301
53199
24221
11691
11744
24142
11645
53606
23885
53392
53503
24054
23907
24005
53485
23972
53028
53322
53238
11710
23881
11586
53295
11686
11766
23776
53273
53089
52999
53335
24252
11692
23979
23921
11663
11628
11557
53077
53172
53078
11549
53487
53298
11672
23948
23974
23985
53096
53209
53169
24017
11531
53386
24042
24161
53252
11755
11509
24124
53312
24051
53430
11716
53353
11560
53030
11666
53340
53055
24050
24038
11675
23959
53075
53016
11552
53264
23825
11507
53529
24168
53151
53190
11629
11655
53124
53416
53296
24062
23942
53044
24187
23958
53063
53046
53280
11576
53545
24044
53336
24078
24223
53207
24091
24261
23846
24047
24000
11760
23999
53246
53308
24163
23973
24022
53081
53115
53527
24088
11708
11739
53381
24031
11567
53549
24147
24190
24082
53328
23831
23969
53137
53305
11687
24205
23975
53036
23953
23873
24143
24267
53277
53462
11519
23743
11514
24001
53438
24116
53382
24203
24255
53352
23967
53395
53452
24004
11613
23913
24216
24237
Window 2
24135
53383
24194
24246
24153
53428
24180
53275
24210
11635
23860
53122
24183
53431
53499
53205
24032
23963
53167
53183
23929
24073
53602
23863
53014
53510
23839
11637
11570
11726
11671
23956
53552
24238
23814
53497
11632
53456
23995
53200
53004
11695
11701
11594
11588
53179
24166
24056
11649
23986
53481
53100
53306
23899
23806
53444
53429
23905
11537
11756
24110
24115
53258
53360
53116
11736
24186
23991
53426
53265
24185
53156
11606
53551
24177
53400
23850
23829
23939
53538
53332
53203
11728
53034
53504
23993
53239
53245
23844
24146
24013
11647
53267
53292
11579
11705
53518
53511
53254
24172
24059
53307
11727
53191
24010
11518
53398
24035
53451
53584
53087
24200
23931
53373
11615
53247
23842
11626
11601
11640
24033
53204
53195
11720
53224
53433
53446
53389
11769
53249
24232
11713
53593
53235
24123
53018
53562
24257
11529
53283
24080
53403
11674
53197
24169
53042
24218
53123
24140
23915
53118
53271
24278
53026
11617
53502
23912
11593
24134
23984
11590
11670
23902
53300
53020
53057
23887
53539
53388
23840
23838
24254
23936
53458
11742
24065
53543
23888
53483
53349
11521
11763
23978
23802
53092
11513
23843
11624
11648
24093
24141
53319
24112
11745
24119
24030
53069
11791
23861
53074
53228
23908
53357
24095
53278
11592
53396
24212
53498
23900
24214
53343
24081
24133
23952
53422
11685
53368
11715
24211
24067
53158
24165
24215
53467
11741
52918
11673
53285
53355
53472
53095
11569
11525
23836
11589
53399
23987
11746
53318
11642
11740
24045
11571
53284
53213
53201
53140
23893
53453
23886
23818
53493
53037
11733
53424
53091
53220
11758
53068
53161
11696
24046
53130
11502
53440
53478
24244
53241
53623
23858
53460
53681
24229
53162
23997
53000
11699
53471
11607
24195
24199
11600
24242
23889
11545
53323
53112
53050
11611
53099
53103
24276
53229
11662
11658
53313
53058
24118
11682
53214
53182
53257
11538
53261
24106
24176
11765
23894
53576
53149
53334
24201
53402
53622
11650
53270
24113
24233
53342
53040
24157
53048
53189
11555
24245
11620
23897
24156
11616
11581
23966
53463
11565
11527
53054
53282
53176
53464
24016
53219
11596
53269
24228
11598
11603
11681
53223
23868
11631
23964
11768
24148
53184
23930
53024
53331
11618
53250
24243
11604
11627
24108
23971
53316
24193
24173
53129
24025
23918
23865
24021
53314
53146
24008
23983
24068
24122
53260
24071
24170
11541
23827
53405
23854
11711
53645
11661
11561
53435
53012
24101
24057
24024
11667
23998
24129
53113
11547
23847
23962
53227
11729
53371
11524
53066
53225
53432
53187
23819
53139
53423
24213
53143
53379
53198
23800
11748
11743
53394
53563
24075
53359
11563
11646
24011
11657
23890
24002
24053
53597
53266
24114
53459
11623
53221
24096
53516
11688
11767
11732
53208
24182
53047
23945
53163
53061
24058
23903
11553
24049
53366
23977
53218
53237
53226
24111
53031
24014
53127
24060
53427
24043
11517
23992
24089
53233
53023
23845
11573
53470
24105
11737
11654
53196
23935
53165
24191
53056
53437
53159
53104
24061
24026
53210
11722
53455
52997
11562
23955
53098
11630
53128
24094
53683
23989
11556
53417
24098
53032
11787
24231
23841
24162
23923
11689
53121
23924
23864
53372
23859
24145
53276
24085
24028
53469
11591
11759
11709
53153
52931
53512
53533
11544
53108
11634
52996
53297
53329
53291
53125
24076
11679
53351
53281
23772
52977
24139
53560
23876
53450
23879
53501
11511
53376
24077
53363
53304
24066
24055
11612
11597
24120
53556
53160
23869
11508
53286
53215
11814
24240
24250
24117
11572
23906
53211
11704
53243
24040
53320
53144
53272
11788
53097
11690
53415
53367
24275
23947
53193
23920
23933
23981
24167
24006
53287
11551
53414
11730
53049
23982
53378
53173
23896
24138
53345
23922
11652
23853
24092
52998
24063
11546
11554
53337
53222
24019
53171
11706
53148
11540
23909
11564
53294
53244
53500
23799
53236
53060
23917
11638
11575
53532
53073
23941
11700
23828
53522
24175
53578
23919
53202
53466
53301
23970
23914
23980
53358
53441
11602
11595
11665
24274
11599
24219
53344
24160
53541
53384
24264
24015
53397
53181
24099
23880
23882
11678
23927
24184
24020
53540
11677
11608
23916
53232
53339
24103
53094
53601
53093
11680
53178
11684
53608
53051
23994
24069
53038
11535
23884
11584
53324
23960
23867
24036
53053
24174
53145
53242
53035
23837
11721
23790
53279
53321
53083
53106
11664
53132
53325
24224
53114
23901
11558
53311
53138
53412
11609
24090
11714
24029
53449
23937
53473
24248
53509
11548
24104
24126
23813
24155
23996
11577
53574
11510
11773
11523
53135
53327
11717
23833
24132
53326
53117
53253
24230
53174
53530
53407
53370
11587
24151
53474
23874
11698
53180
53164
24083
11738
24128
53362
24149
11610
11536
11656
11582
23878
53136
52932
53354
23932
23934
23965
53070
53194
53166
24207
53387
53027
23820
53256
24012
24109
53084
53534
24052
53347
23852
24159
11668
53072
53309
24220
53317
23904
23807
53330
23951
23961
53217
53259
11644
53361
23950
24097
11559
53090
11614
53102
24007
23968
53177
24072
24074
23946
24181
11750
53477
53365
53101
53333
53484
53448
11506
53587
11697
24249
53110
11719
24039
23812
53406
11641
53445
24079
53654
11568
53411
53535
24154
11659
53216
11734
53475
53338
53375
11653
23875
11533
11526
53486
24235
24234
53251
53546
23940
11621
11578
53168
11574
24247
23925
53041
53107
11703
23815
11718
53080
11725
53052
23891
11633
23870
11550
23943
11724
11543
11761
53290
24034
53410
53142
53310
24027
53065
24273
24127
23954
53519
24226
23910
53131
53447
53299
53268
24121
11808
24023
24086
53109
11534
53234
53019
53288
53212
24150
24171
23811
11605
11789
24070
53315
53537
11636
23926
23892
53120
53443
53346
53071
11580
24196
53186
53476
53480
53188
24258
53393
24144
24041
53152
53496
24009
23938
11625
53413
53119
24084
53482
53262
53255
11660
24102
53369
53517
11753
24107
53062
23898
23911
53380
53064
23808
11731
53385
53408
11735
11779
53154
23883
11694
11651
23849
23877
23824
11619
11693
53404
11528
23944
23949
11566
53531
53192
11643
53401
23856
23928
53457
53076
24087
24048
11683
23862
53240
24188
24037
11583
53536
53248
53293
53133
53350
24197
24192
53289
11749
53086
24290
53479
53263
11622
53302
11712
24003
53513
53141
23988
24018
53436
53105
53079
11532
23871
53390
11757
53029
53150
53206
24259
11702
53377
53157
23990
53303
11542
11515
11512
11747
53616
53231
11676
11669
53489
53088
53468
24130
11585
53175
11639
11516
24131
53134
11723
53439
11530
24227
53126
24125
53170
53514
24136
53348
11707
53544
53274
11751
53454
23957
53374
53364
53391
23872
24152
11539
24100
53155
24064
53022
52945
53230
53356
24301
53199
24221
11691
11744
24142
11645
53606
23885
53392
53503
24054
23907
24005
53485
23972
53028
53322
53238
11710
23881
11586
53295
11686
11766
23776
53273
53089
52999
53335
24252
11692
23979
23921
11663
11628
11557
53077
53172
53078
11549
53487
53298
11672
23948
23974
23985
53096
53209
53169
24017
11531
53386
24042
24161
53252
11755
11509
24124
53312
24051
53430
11716
53353
11560
53030
11666
53340
53055
24050
24038
11675
23959
53075
53016
11552
53264
23825
11507
53529
24168
53151
53190
11629
11655
53124
53416
53296
24062
23942
53044
24187
23958
53063
53046
53280
11576
53545
24044
53336
24078
24223
53207
24091
24261
23846
24047
24000
11760
23999
53246
53308
24163
23973
24022
53081
53115
53527
24088
11708
11739
53381
24031
11567
53549
24147
24190
24082
53328
23831
23969
53137
53305
11687
24205
23975
53036
23953
23873
24143
24267
53277
53462
11519
23743
11514
24001
53438
24116
53382
24203
24255
53352
23967
53395
53452
24004
11613
23913
24216
24237
Window 3
24135
53383
24194
24246
24153
53428
111785
111667
24180
53275
111701
111915
24210
111876
111792
23860
53122
111898
24183
53431
53499
53205
24032
111734
111737
23963
111596
111523
53167
53183
23929
24073
53602
111801
111508
23863
53014
111750
53510
23839
111640
23956
53552
24238
23814
53497
53456
23995
111746
53200
53004
111577
111803
111604
111757
53179
24166
24056
111893
23986
53481
53100
53306
23899
23806
53444
53429
23905
24110
24115
111831
53258
53360
53116
111689
111891
24186
23991
111679
53426
53265
24185
53156
53551
24177
53400
111514
111637
23850
23829
23939
53538
53332
53203
53034
53504
23993
53239
53245
111748
23844
24146
24013
53267
53292
111886
53518
53511
111505
111663
53254
111490
24172
24059
53307
111599
111583
111632
111880
53191
111799
24010
111887
111610
111624
111732
53398
24035
53451
53584
111649
53087
111487
24200
23931
53373
53247
23842
111812
111724
111590
111602
111755
111834
111658
111897
111550
111569
24033
53204
53195
53224
111699
53433
53446
53389
111890
53249
111509
111668
24232
53593
53235
24123
111899
53018
53562
24257
53283
111546
111817
111501
24080
111592
111697
111659
53403
111711
111612
53197
24169
53042
24218
111512
53123
111500
24140
23915
53118
53271
111561
111617
24278
53026
53502
23912
24134
111741
111516
111488
111777
111882
111573
111499
23984
111605
111634
111871
111513
23902
53300
53020
53057
111790
111517
111877
23887
53539
111754
53388
23840
23838
24254
23936
111810
53458
24065
111710
53543
23888
53483
53349
111608
111900
23978
111532
23802
53092
111896
23843
24093
24141
111652
53319
24112
24119
24030
111827
53069
111804
23861
111823
53074
111811
53228
111828
23908
53357
24095
111846
53278
111526
53396
24212
111779
53498
111813
23900
24214
53343
24081
24133
111902
23952
53422
53368
111572
111726
24211
24067
111527
53158
111611
24165
24215
111595
53467
111606
52918
111735
53285
111706
53355
53472
111744
53095
111620
23836
111685
53399
111892
23987
53318
111808
24045
111680
53284
53213
111822
53201
111885
53140
23893
53453
23886
23818
53493
53037
53424
111718
53091
111852
111903
53220
53068
53161
24046
111660
53130
111656
53440
111845
53478
24244
53241
53623
23858
53460
111684
53681
24229
111555
53162
23997
53000
111614
111761
53471
24195
24199
111518
24242
23889
111800
53323
53112
53050
53099
53103
24276
111524
111493
111889
53229
111665
111731
53313
53058
24118
53214
53182
53257
111522
53261
24106
111603
24176
23894
53576
53149
111498
53334
24201
53402
53622
53270
24113
24233
53342
53040
24157
53048
53189
111559
111538
111752
111588
111826
24245
23897
24156
111850
23966
111506
53463
53054
111627
53282
53176
111851
53464
24016
53219
111870
111758
111751
53269
24228
53223
111536
23868
111863
111552
23964
111587
111672
24148
53184
23930
111727
111765
53024
53331
53250
24243
111716
24108
23971
111623
53316
24193
24173
53129
24025
23918
23865
24021
53314
53146
111775
24008
111621
23983
111564
111912
111554
24068
111673
24122
53260
24071
24170
23827
111489
111866
53405
23854
53645
53435
53012
24101
24057
24024
23998
24129
53113
111504
111759
23847
23962
111633
53227
53371
111598
53066
111740
111567
53225
53432
53187
23819
53139
53423
24213
53143
53379
53198
23800
111570
111648
53394
53563
111745
24075
111597
53359
24011
23890
24002
24053
53597
53266
24114
53459
111713
53221
24096
53516
53208
24182
111696
53047
111537
23945
53163
53061
111738
24058
23903
24049
111796
111881
53366
23977
111708
53218
111794
53237
53226
111864
24111
53031
111502
111728
24014
111681
53127
24060
53427
24043
111693
111578
111622
23992
24089
111717
53233
111686
53023
111497
111848
23845
111492
53470
111533
24105
53196
23935
53165
111618
111923
111853
24191
53056
53437
53159
111565
53104
24061
24026
53210
111714
53455
52997
23955
111566
111576
53098
53128
24094
111839
53683
23989
53417
111830
24098
111920
53032
111879
24231
23841
24162
23923
53121
23924
23864
53372
23859
24145
53276
111531
24085
24028
53469
111528
53153
52931
53512
53533
53108
52996
53297
111525
111662
53329
53291
53125
24076
53351
53281
111586
111600
111503
23772
52977
24139
53560
111824
111615
23876
53450
23879
53501
53376
24077
53363
53304
111654
24066
24055
111860
24120
53556
53160
23869
53286
53215
24240
24250
24117
23906
53211
53243
111571
111814
111674
24040
111666
53320
53144
53272
53097
111579
53415
53367
24275
23947
53193
23920
23933
23981
24167
24006
53287
111613
53414
53049
23982
53378
53173
23896
24138
111818
53345
23922
23853
24092
52998
24063
111786
53337
53222
24019
111557
53171
111705
111805
111541
53148
23909
111683
111838
111647
53294
53244
53500
23799
111676
53236
53060
23917
53532
111788
53073
23941
111862
23828
111584
53522
24175
53578
23919
111815
111616
53202
53466
53301
23970
23914
23980
111594
53358
53441
111778
24274
111581
111841
24219
111742
111739
111589
53344
111776
24160
53541
111723
53384
24264
24015
53397
53181
24099
111832
111806
23880
23882
111695
23927
24184
24020
53540
111511
111677
111769
23916
53232
53339
24103
53094
53601
111690
111491
53093
53178
53608
53051
23994
111798
111638
24069
53038
111868
111545
111883
23884
53324
111643
23960
23867
24036
53053
24174
111556
53145
111547
53242
53035
23837
23790
53279
111867
53321
53083
53106
53132
53325
24224
53114
111542
23901
53311
111721
53138
53412
24090
111861
24029
53449
23937
53473
24248
53509
24104
24126
23813
24155
23996
111655
53574
111772
53135
53327
111698
23833
24132
53326
53117
111591
111646
53253
111795
111574
24230
53174
53530
53407
111631
53370
111872
24151
53474
111639
23874
111763
111510
53180
53164
24083
24128
53362
111857
24149
111749
23878
53136
52932
111628
111733
53354
23932
23934
111644
23965
53070
53194
53166
24207
111753
53387
111807
53027
23820
111687
53256
24012
24109
53084
111858
53534
24052
53347
23852
24159
111907
53072
53309
24220
53317
23904
111692
23807
53330
23951
23961
53217
53259
53361
23950
24097
53090
53102
24007
111682
23968
53177
111847
24072
24074
23946
24181
53477
53365
53101
111878
53333
53484
53448
111694
111625
53587
111707
24249
53110
111678
24039
111521
111842
23812
53406
53445
111703
24079
53654
53411
53535
24154
111562
111756
53216
111539
111486
111766
53475
53338
53375
111774
23875
111840
111768
53486
24235
24234
111820
53251
53546
111495
111854
111551
23940
53168
24247
23925
53041
53107
23815
111651
53080
53052
111793
23891
23870
23943
111582
111729
111548
111609
53290
24034
53410
53142
53310
24027
53065
111884
24273
24127
23954
53519
24226
111635
23910
53131
53447
111894
53299
111657
53268
111836
111781
24121
24023
24086
111747
111762
53109
53234
53019
111784
53288
111719
111671
53212
24150
24171
111844
111619
23811
111593
24070
53315
53537
23926
23892
111874
53120
53443
53346
53071
24196
111849
111819
53186
53476
53480
53188
111797
24258
53393
24144
24041
111530
53152
53496
24009
111650
23938
53413
111520
53119
24084
53482
53262
53255
24102
111629
53369
53517
111856
24107
53062
23898
23911
53380
53064
23808
53385
53408
53154
23883
111560
23849
23877
23824
53404
111736
23944
23949
111700
111664
53531
53192
111670
111730
53401
23856
23928
53457
53076
111494
111835
24087
111787
111558
24048
23862
111802
111773
53240
24188
24037
111636
111869
111913
53536
53248
53293
53133
53350
24197
24192
111607
53289
53086
24290
53479
53263
53302
24003
53513
53141
23988
24018
53436
53105
53079
111859
111764
23871
111529
53390
53029
53150
53206
24259
53377
53157
111895
23990
53303
111691
53616
53231
53489
53088
111704
53468
24130
111575
53175
24131
53134
111580
111888
53439
24227
53126
24125
53170
53514
24136
53348
111843
53544
53274
53454
23957
53374
53364
53391
111702
23872
24152
111515
111743
24100
53155
111771
24064
53022
52945
53230
53356
24301
111653
111725
53199
111825
24221
24142
111875
53606
23885
53392
53503
111669
24054
23907
111712
24005
53485
23972
53028
111543
53322
53238
111821
111507
23881
111722
53295
111630
111816
111767
23776
53273
53089
111770
52999
53335
24252
23979
23921
111641
111483
111585
111789
53077
111563
53172
53078
53487
53298
23948
23974
23985
111833
53096
53209
53169
24017
53386
24042
24161
53252
111916
24124
53312
111601
24051
53430
53353
53030
111675
53340
53055
24050
24038
111780
23959
53075
111837
53016
53264
23825
111905
111829
53529
111540
24168
53151
53190
53124
53416
53296
24062
23942
53044
24187
23958
53063
53046
111534
111544
53280
53545
24044
53336
111626
24078
24223
53207
111782
24091
111809
111760
24261
23846
24047
24000
111709
23999
53246
53308
24163
23973
111645
111865
24022
53081
53115
53527
24088
111855
111873
53381
24031
111661
111688
53549
24147
24190
24082
53328
23831
23969
53137
111568
53305
24205
23975
111715
111496
53036
23953
23873
111791
24143
24267
53277
111642
111720
53462
23743
24001
53438
111519
111549
24116
111479
111553
53382
24203
24255
111783
53352
23967
53395
111535
53452
24004
23913
24216
24237
111480
Window 4
24135
53383
24194
24246
24153
53428
111785
111667
24180
53275
111701
111915
24210
111876
111792
23860
53122
111898
24183
53431
53499
53205
24032
111734
111737
23963
111596
111523
53167
53183
23929
24073
53602
111801
111508
23863
53014
111750
53510
23839
111640
23956
53552
24238
23814
53497
53456
23995
111746
53200
53004
111577
111803
111604
111757
53179
24166
24056
111893
23986
53481
53100
53306
23899
23806
53444
53429
23905
24110
24115
111831
53258
53360
53116
111689
111891
24186
23991
111679
53426
53265
24185
53156
53551
24177
53400
111514
111637
23850
23829
23939
53538
53332
53203
53034
53504
23993
53239
53245
111748
23844
24146
24013
53267
53292
111886
53518
53511
111505
111663
53254
111490
24172
24059
53307
111599
111583
111632
111880
53191
111799
24010
111887
111610
111624
111732
53398
24035
53451
53584
111649
53087
111487
24200
23931
53373
53247
23842
111812
111724
111590
111602
111755
111834
111658
111897
111550
111569
24033
53204
53195
53224
111699
53433
53446
53389
111890
53249
111509
111668
24232
53593
53235
24123
111899
53018
53562
24257
53283
111546
111817
111501
24080
111592
111697
111659
53403
111711
111612
53197
24169
53042
24218
111512
53123
111500
24140
23915
53118
53271
111561
111617
24278
53026
53502
23912
24134
111741
111516
111488
111777
111882
111573
111499
23984
111605
111634
111871
111513
23902
53300
53020
53057
111790
111517
111877
23887
53539
111754
53388
23840
23838
24254
23936
111810
53458
24065
111710
53543
23888
53483
53349
111608
111900
23978
111532
23802
53092
111896
23843
24093
24141
111652
53319
24112
24119
24030
111827
53069
111804
23861
111823
53074
111811
53228
111828
23908
53357
24095
111846
53278
111526
53396
24212
111779
53498
111813
23900
24214
53343
24081
24133
111902
23952
53422
53368
111572
111726
24211
24067
111527
53158
111611
24165
24215
111595
53467
111606
52918
111735
53285
111706
53355
53472
111744
53095
111620
23836
111685
53399
111892
23987
53318
111808
24045
111680
53284
53213
111822
53201
111885
53140
23893
53453
23886
23818
53493
53037
53424
111718
53091
111852
111903
53220
53068
53161
24046
111660
53130
111656
53440
111845
53478
24244
53241
53623
23858
53460
111684
53681
24229
111555
53162
23997
53000
111614
111761
53471
24195
24199
111518
24242
23889
111800
53323
53112
53050
53099
53103
24276
111524
111493
111889
53229
111665
111731
53313
53058
24118
53214
53182
53257
111522
53261
24106
111603
24176
23894
53576
53149
111498
53334
24201
53402
53622
53270
24113
24233
53342
53040
24157
53048
53189
111559
111538
111752
111588
111826
24245
23897
24156
111850
23966
111506
53463
53054
111627
53282
53176
111851
53464
24016
53219
111870
111758
111751
53269
24228
53223
111536
23868
111863
111552
23964
111587
111672
24148
53184
23930
111727
111765
53024
53331
53250
24243
111716
24108
23971
111623
53316
24193
24173
53129
24025
23918
23865
24021
53314
53146
111775
24008
111621
23983
111564
111912
111554
24068
111673
24122
53260
24071
24170
23827
111489
111866
53405
23854
53645
53435
53012
24101
24057
24024
23998
24129
53113
111504
111759
23847
23962
111633
53227
53371
111598
53066
111740
111567
53225
53432
53187
23819
53139
53423
24213
53143
53379
53198
23800
111570
111648
53394
53563
111745
24075
111597
53359
24011
23890
24002
24053
53597
53266
24114
53459
111713
53221
24096
53516
53208
24182
111696
53047
111537
23945
53163
53061
111738
24058
23903
24049
111796
111881
53366
23977
111708
53218
111794
53237
53226
111864
24111
53031
111502
111728
24014
111681
53127
24060
53427
24043
111693
111578
111622
23992
24089
111717
53233
111686
53023
111497
111848
23845
111492
53470
111533
24105
53196
23935
53165
111618
111923
111853
24191
53056
53437
53159
111565
53104
24061
24026
53210
111714
53455
52997
23955
111566
111576
53098
53128
24094
111839
53683
23989
53417
111830
24098
111920
53032
111879
24231
23841
24162
23923
53121
23924
23864
53372
23859
24145
53276
111531
24085
24028
53469
111528
53153
52931
53512
53533
53108
52996
53297
111525
111662
53329
53291
53125
24076
53351
53281
111586
111600
111503
23772
52977
24139
53560
111824
111615
23876
53450
23879
53501
53376
24077
53363
53304
111654
24066
24055
111860
24120
53556
53160
23869
53286
53215
24240
24250
24117
23906
53211
53243
111571
111814
111674
24040
111666
53320
53144
53272
53097
111579
53415
53367
24275
23947
53193
23920
23933
23981
24167
24006
53287
111613
53414
53049
23982
53378
53173
23896
24138
111818
53345
23922
23853
24092
52998
24063
111786
53337
53222
24019
111557
53171
111705
111805
111541
53148
23909
111683
111838
111647
53294
53244
53500
23799
111676
53236
53060
23917
53532
111788
53073
23941
111862
23828
111584
53522
24175
53578
23919
111815
111616
53202
53466
53301
23970
23914
23980
111594
53358
53441
111778
24274
111581
111841
24219
111742
111739
111589
53344
111776
24160
53541
111723
53384
24264
24015
53397
53181
24099
111832
111806
23880
23882
111695
23927
24184
24020
53540
111511
111677
111769
23916
53232
53339
24103
53094
53601
111690
111491
53093
53178
53608
53051
23994
111798
111638
24069
53038
111868
111545
111883
23884
53324
111643
23960
23867
24036
53053
24174
111556
53145
111547
53242
53035
23837
23790
53279
111867
53321
53083
53106
53132
53325
24224
53114
111542
23901
53311
111721
53138
53412
24090
111861
24029
53449
23937
53473
24248
53509
24104
24126
23813
24155
23996
111655
53574
111772
53135
53327
111698
23833
24132
53326
53117
111591
111646
53253
111795
111574
24230
53174
53530
53407
111631
53370
111872
24151
53474
111639
23874
111763
111510
53180
53164
24083
24128
53362
111857
24149
111749
23878
53136
52932
111628
111733
53354
23932
23934
111644
23965
53070
53194
53166
24207
111753
53387
111807
53027
23820
111687
53256
24012
24109
53084
111858
53534
24052
53347
23852
24159
111907
53072
53309
24220
53317
23904
111692
23807
53330
23951
23961
53217
53259
53361
23950
24097
53090
53102
24007
111682
23968
53177
111847
24072
24074
23946
24181
53477
53365
53101
111878
53333
53484
53448
111694
111625
53587
111707
24249
53110
111678
24039
111521
111842
23812
53406
53445
111703
24079
53654
53411
53535
24154
111562
111756
53216
111539
111486
111766
53475
53338
53375
111774
23875
111840
111768
53486
24235
24234
111820
53251
53546
111495
111854
111551
23940
53168
24247
23925
53041
53107
23815
111651
53080
53052
111793
23891
23870
23943
111582
111729
111548
111609
53290
24034
53410
53142
53310
24027
53065
111884
24273
24127
23954
53519
24226
111635
23910
53131
53447
111894
53299
111657
53268
111836
111781
24121
24023
24086
111747
111762
53109
53234
53019
111784
53288
111719
111671
53212
24150
24171
111844
111619
23811
111593
24070
53315
53537
23926
23892
111874
53120
53443
53346
53071
24196
111849
111819
53186
53476
53480
53188
111797
24258
53393
24144
24041
111530
53152
53496
24009
111650
23938
53413
111520
53119
24084
53482
53262
53255
24102
111629
53369
53517
111856
24107
53062
23898
23911
53380
53064
23808
53385
53408
53154
23883
111560
23849
23877
23824
53404
111736
23944
23949
111700
111664
53531
53192
111670
111730
53401
23856
23928
53457
53076
111494
111835
24087
111787
111558
24048
23862
111802
111773
53240
24188
24037
111636
111869
111913
53536
53248
53293
53133
53350
24197
24192
111607
53289
53086
24290
53479
53263
53302
24003
53513
53141
23988
24018
53436
53105
53079
111859
111764
23871
111529
53390
53029
53150
53206
24259
53377
53157
111895
23990
53303
111691
53616
53231
53489
53088
111704
53468
24130
111575
53175
24131
53134
111580
111888
53439
24227
53126
24125
53170
53514
24136
53348
111843
53544
53274
53454
23957
53374
53364
53391
111702
23872
24152
111515
111743
24100
53155
111771
24064
53022
52945
53230
53356
24301
111653
111725
53199
111825
24221
24142
111875
53606
23885
53392
53503
111669
24054
23907
111712
24005
53485
23972
53028
111543
53322
53238
111821
111507
23881
111722
53295
111630
111816
111767
23776
53273
53089
111770
52999
53335
24252
23979
23921
111641
111483
111585
111789
53077
111563
53172
53078
53487
53298
23948
23974
23985
111833
53096
53209
53169
24017
53386
24042
24161
53252
111916
24124
53312
111601
24051
53430
53353
53030
111675
53340
53055
24050
24038
111780
23959
53075
111837
53016
53264
23825
111905
111829
53529
111540
24168
53151
53190
53124
53416
53296
24062
23942
53044
24187
23958
53063
53046
111534
111544
53280
53545
24044
53336
111626
24078
24223
53207
111782
24091
111809
111760
24261
23846
24047
24000
111709
23999
53246
53308
24163
23973
111645
111865
24022
53081
53115
53527
24088
111855
111873
53381
24031
111661
111688
53549
24147
24190
24082
53328
23831
23969
53137
111568
53305
24205
23975
111715
111496
53036
23953
23873
111791
24143
24267
53277
111642
111720
53462
23743
24001
53438
111519
111549
24116
111479
111553
53382
24203
24255
111783
53352
23967
53395
111535
53452
24004
23913
24216
24237
111480
Window 5
53383
53428
111785
111667
53275
111701
111915
111876
111792
53122
111898
53431
53499
53205
111734
111737
111596
111523
53167
53183
53602
111801
111508
53014
111750
53510
111640
53552
53497
53456
111746
53200
53004
111577
111803
111604
111757
53179
111893
53481
53100
53306
53444
53429
111831
53258
53360
53116
111689
111891
111679
53426
53265
53156
53551
53400
111514
111637
53538
53332
53203
53034
53504
53239
53245
111748
53267
53292
111886
53518
53511
111505
111663
53254
111490
53307
111599
111583
111632
111880
53191
111799
111887
111610
111624
111732
53398
53451
53584
111649
53087
111487
53373
53247
111812
111724
111590
111602
111755
111834
111658
111897
111550
111569
53204
53195
53224
111699
53433
53446
53389
111890
53249
111509
111668
53593
53235
111899
53018
53562
53283
111546
111817
111501
111592
111697
111659
53403
111711
111612
53197
53042
111512
53123
111500
53118
53271
111561
111617
53026
53502
111741
111516
111488
111777
111882
111573
111499
111605
111634
111871
111513
53300
53020
53057
111790
111517
111877
53539
111754
53388
111810
53458
111710
53543
53483
53349
111608
111900
111532
53092
111896
111652
53319
111827
53069
111804
111823
53074
111811
53228
111828
53357
111846
53278
111526
53396
111779
53498
111813
53343
111902
53422
53368
111572
111726
111527
53158
111611
111595
53467
111606
52918
111735
53285
111706
53355
53472
111744
53095
111620
111685
53399
111892
53318
111808
111680
53284
53213
111822
53201
111885
53140
53453
53493
53037
53424
111718
53091
111852
111903
53220
53068
53161
111660
53130
111656
53440
111845
53478
53241
53623
53460
111684
53681
111555
53162
53000
111614
111761
53471
111518
111800
53323
53112
53050
53099
53103
111524
111493
111889
53229
111665
111731
53313
53058
53214
53182
53257
111522
53261
111603
53576
53149
111498
53334
53402
53622
53270
53342
53040
53048
53189
111559
111538
111752
111588
111826
111850
111506
53463
53054
111627
53282
53176
111851
53464
53219
111870
111758
111751
53269
53223
111536
111863
111552
111587
111672
53184
111727
111765
53024
53331
53250
111716
111623
53316
53129
53314
53146
111775
111621
111564
111912
111554
111673
53260
111489
111866
53405
53645
53435
53012
53113
111504
111759
111633
53227
53371
111598
53066
111740
111567
53225
53432
53187
53139
53423
53143
53379
53198
111570
111648
53394
53563
111745
111597
53359
53597
53266
53459
111713
53221
53516
53208
111696
53047
111537
53163
53061
111738
111796
111881
53366
111708
53218
111794
53237
53226
111864
53031
111502
111728
111681
53127
53427
111693
111578
111622
111717
53233
111686
53023
111497
111848
111492
53470
111533
53196
53165
111618
111923
111853
53056
53437
53159
111565
53104
53210
111714
53455
52997
111566
111576
53098
53128
111839
53683
53417
111830
111920
53032
111879
53121
53372
53276
111531
53469
111528
53153
52931
53512
53533
53108
52996
53297
111525
111662
53329
53291
53125
53351
53281
111586
111600
111503
52977
53560
111824
111615
53450
53501
53376
53363
53304
111654
111860
53556
53160
53286
53215
53211
53243
111571
111814
111674
111666
53320
53144
53272
53097
111579
53415
53367
53193
53287
111613
53414
53049
53378
53173
111818
53345
52998
111786
53337
53222
111557
53171
111705
111805
111541
53148
111683
111838
111647
53294
53244
53500
111676
53236
53060
53532
111788
53073
111862
111584
53522
53578
111815
111616
53202
53466
53301
111594
53358
53441
111778
111581
111841
111742
111739
111589
53344
111776
53541
111723
53384
53397
53181
111832
111806
111695
53540
111511
111677
111769
53232
53339
53094
53601
111690
111491
53093
53178
53608
53051
111798
111638
53038
111868
111545
111883
53324
111643
53053
111556
53145
111547
53242
53035
53279
111867
53321
53083
53106
53132
53325
53114
111542
53311
111721
53138
53412
111861
53449
53473
53509
111655
53574
111772
53135
53327
111698
53326
53117
111591
111646
53253
111795
111574
53174
53530
53407
111631
53370
111872
53474
111639
111763
111510
53180
53164
53362
111857
111749
53136
52932
111628
111733
53354
111644
53070
53194
53166
111753
53387
111807
53027
111687
53256
53084
111858
53534
53347
111907
53072
53309
53317
111692
53330
53217
53259
53361
53090
53102
111682
53177
111847
53477
53365
53101
111878
53333
53484
53448
111694
111625
53587
111707
53110
111678
111521
111842
53406
53445
111703
53654
53411
53535
111562
111756
53216
111539
111486
111766
53475
53338
53375
111774
111840
111768
53486
111820
53251
53546
111495
111854
111551
53168
53041
53107
111651
53080
53052
111793
111582
111729
111548
111609
53290
53410
53142
53310
53065
111884
53519
111635
53131
53447
111894
53299
111657
53268
111836
111781
111747
111762
53109
53234
53019
111784
53288
111719
111671
53212
111844
111619
111593
53315
53537
111874
53120
53443
53346
53071
111849
111819
53186
53476
53480
53188
111797
53393
111530
53152
53496
111650
53413
111520
53119
53482
53262
53255
111629
53369
53517
111856
53062
53380
53064
53385
53408
53154
111560
53404
111736
111700
111664
53531
53192
111670
111730
53401
53457
53076
111494
111835
111787
111558
111802
111773
53240
111636
111869
111913
53536
53248
53293
53133
53350
111607
53289
53086
53479
53263
53302
53513
53141
53436
53105
53079
111859
111764
111529
53390
53029
53150
53206
53377
53157
111895
53303
111691
53616
53231
53489
53088
111704
53468
111575
53175
53134
111580
111888
53439
53126
53170
53514
53348
111843
53544
53274
53454
53374
53364
53391
111702
111515
111743
53155
111771
53022
52945
53230
53356
111653
111725
53199
111825
111875
53606
53392
53503
111669
111712
53485
53028
111543
53322
53238
111821
111507
111722
53295
111630
111816
111767
53273
53089
111770
52999
53335
111641
111483
111585
111789
53077
111563
53172
53078
53487
53298
111833
53096
53209
53169
53386
53252
111916
53312
111601
53430
53353
53030
111675
53340
53055
111780
53075
111837
53016
53264
111905
111829
53529
111540
53151
53190
53124
53416
53296
53044
53063
53046
111534
111544
53280
53545
53336
111626
53207
111782
111809
111760
111709
53246
53308
111645
111865
53081
53115
53527
111855
111873
53381
111661
111688
53549
53328
53137
111568
53305
111715
111496
53036
111791
53277
111642
111720
53462
53438
111519
111549
111479
111553
53382
111783
53352
53395
111535
53452
111480
Window 6
53383
53428
111785
111667
53275
111701
111915
111876
111792
53122
111898
53431
53499
53205
111734
111737
111596
111523
53167
53183
53602
111801
111508
53014
111750
53510
111640
53552
53497
53456
111746
53200
53004
111577
111803
111604
111757
53179
111893
53481
53100
53306
53444
53429
111831
53258
53360
53116
111689
111891
111679
53426
53265
53156
53551
53400
111514
111637
53538
53332
53203
53034
53504
53239
53245
111748
53267
53292
111886
53518
53511
111505
111663
53254
111490
53307
111599
111583
111632
111880
53191
111799
111887
111610
111624
111732
53398
53451
53584
111649
53087
111487
53373
53247
111812
111724
111590
111602
111755
111834
111658
111897
111550
111569
53204
53195
53224
111699
53433
53446
53389
111890
53249
111509
111668
53593
53235
111899
53018
53562
53283
111546
111817
111501
111592
111697
111659
53403
111711
111612
53197
53042
111512
53123
111500
53118
53271
111561
111617
53026
53502
111741
111516
111488
111777
111882
111573
111499
111605
111634
111871
111513
53300
53020
53057
111790
111517
111877
53539
111754
53388
111810
53458
111710
53543
53483
53349
111608
111900
111532
53092
111896
111652
53319
111827
53069
111804
111823
53074
111811
53228
111828
53357
111846
53278
111526
53396
111779
53498
111813
53343
111902
53422
53368
111572
111726
111527
53158
111611
111595
53467
111606
52918
111735
53285
111706
53355
53472
111744
53095
111620
111685
53399
111892
53318
111808
111680
53284
53213
111822
53201
111885
53140
53453
53493
53037
53424
111718
53091
111852
111903
53220
53068
53161
111660
53130
111656
53440
111845
53478
53241
53623
53460
111684
53681
111555
53162
53000
111614
111761
53471
111518
111800
53323
53112
53050
53099
53103
111524
111493
111889
53229
111665
111731
53313
53058
53214
53182
53257
111522
53261
111603
53576
53149
111498
53334
53402
53622
53270
53342
53040
53048
53189
111559
111538
111752
111588
111826
111850
111506
53463
53054
111627
53282
53176
111851
53464
53219
111870
111758
111751
53269
53223
111536
111863
111552
111587
111672
53184
111727
111765
53024
53331
53250
111716
111623
53316
53129
53314
53146
111775
111621
111564
111912
111554
111673
53260
111489
111866
53405
53645
53435
53012
53113
111504
111759
111633
53227
53371
111598
53066
111740
111567
53225
53432
53187
53139
53423
53143
53379
53198
111570
111648
53394
53563
111745
111597
53359
53597
53266
53459
111713
53221
53516
53208
111696
53047
111537
53163
53061
111738
111796
111881
53366
111708
53218
111794
53237
53226
111864
53031
111502
111728
111681
53127
53427
111693
111578
111622
111717
53233
111686
53023
111497
111848
111492
53470
111533
53196
53165
111618
111923
111853
53056
53437
53159
111565
53104
53210
111714
53455
52997
111566
111576
53098
53128
111839
53683
53417
111830
111920
53032
111879
53121
53372
53276
111531
53469
111528
53153
52931
53512
53533
53108
52996
53297
111525
111662
53329
53291
53125
53351
53281
111586
111600
111503
52977
53560
111824
111615
53450
53501
53376
53363
53304
111654
111860
53556
53160
53286
53215
53211
53243
111571
111814
111674
111666
53320
53144
53272
53097
111579
53415
53367
53193
53287
111613
53414
53049
53378
53173
111818
53345
52998
111786
53337
53222
111557
53171
111705
111805
111541
53148
111683
111838
111647
53294
53244
53500
111676
53236
53060
53532
111788
53073
111862
111584
53522
53578
111815
111616
53202
53466
53301
111594
53358
53441
111778
111581
111841
111742
111739
111589
53344
111776
53541
111723
53384
53397
53181
111832
111806
111695
53540
111511
111677
111769
53232
53339
53094
53601
111690
111491
53093
53178
53608
53051
111798
111638
53038
111868
111545
111883
53324
111643
53053
111556
53145
111547
53242
53035
53279
111867
53321
53083
53106
53132
53325
53114
111542
53311
111721
53138
53412
111861
53449
53473
53509
111655
53574
111772
53135
53327
111698
53326
53117
111591
111646
53253
111795
111574
53174
53530
53407
111631
53370
111872
53474
111639
111763
111510
53180
53164
53362
111857
111749
53136
52932
111628
111733
53354
111644
53070
53194
53166
111753
53387
111807
53027
111687
53256
53084
111858
53534
53347
111907
53072
53309
53317
111692
53330
53217
53259
53361
53090
53102
111682
53177
111847
53477
53365
53101
111878
53333
53484
53448
111694
111625
53587
111707
53110
111678
111521
111842
53406
53445
111703
53654
53411
53535
111562
111756
53216
111539
111486
111766
53475
53338
53375
111774
111840
111768
53486
111820
53251
53546
111495
111854
111551
53168
53041
53107
111651
53080
53052
111793
111582
111729
111548
111609
53290
53410
53142
53310
53065
111884
53519
111635
53131
53447
111894
53299
111657
53268
111836
111781
111747
111762
53109
53234
53019
111784
53288
111719
111671
53212
111844
111619
111593
53315
53537
111874
53120
53443
53346
53071
111849
111819
53186
53476
53480
53188
111797
53393
111530
53152
53496
111650
53413
111520
53119
53482
53262
53255
111629
53369
53517
111856
53062
53380
53064
53385
53408
53154
111560
53404
111736
111700
111664
53531
53192
111670
111730
53401
53457
53076
111494
111835
111787
111558
111802
111773
53240
111636
111869
111913
53536
53248
53293
53133
53350
111607
53289
53086
53479
53263
53302
53513
53141
53436
53105
53079
111859
111764
111529
53390
53029
53150
53206
53377
53157
111895
53303
111691
53616
53231
53489
53088
111704
53468
111575
53175
53134
111580
111888
53439
53126
53170
53514
53348
111843
53544
53274
53454
53374
53364
53391
111702
111515
111743
53155
111771
53022
52945
53230
53356
111653
111725
53199
111825
111875
53606
53392
53503
111669
111712
53485
53028
111543
53322
53238
111821
111507
111722
53295
111630
111816
111767
53273
53089
111770
52999
53335
111641
111483
111585
111789
53077
111563
53172
53078
53487
53298
111833
53096
53209
53169
53386
53252
111916
53312
111601
53430
53353
53030
111675
53340
53055
111780
53075
111837
53016
53264
111905
111829
53529
111540
53151
53190
53124
53416
53296
53044
53063
53046
111534
111544
53280
53545
53336
111626
53207
111782
111809
111760
111709
53246
53308
111645
111865
53081
53115
53527
111855
111873
53381
111661
111688
53549
53328
53137
111568
53305
111715
111496
53036
111791
53277
111642
111720
53462
53438
111519
111549
111479
111553
53382
111783
53352
53395
111535
53452
111480
Window 7
53383
131632
131704
53428
111785
111667
131493
53275
131588
131719
111701
131882
111915
111876
111792
131552
53122
131710
131668
111898
131603
131519
131565
53431
53499
53205
131695
111734
131380
131801
111737
131762
111596
111523
53167
53183
131979
53602
111801
111508
53014
111750
53510
131505
131443
111640
131527
131781
53552
53497
53456
111746
53200
53004
111577
111803
132008
111604
111757
131474
132004
53179
131922
111893
53481
53100
131803
53306
131591
53444
131409
53429
131396
131899
131761
111831
53258
53360
131541
53116
111689
131674
111891
131448
131792
131374
131483
131892
131364
131550
111679
53426
131690
53265
131963
53156
131599
53551
53400
111514
111637
131475
53538
53332
53203
53034
131446
53504
131615
131559
53239
53245
131929
131671
111748
131790
53267
53292
131698
111886
53518
131667
53511
111505
111663
53254
111490
53307
131553
111599
131394
111583
111632
131716
131775
111880
131456
131975
131741
131509
53191
111799
111887
111610
111624
111732
53398
53451
131823
53584
111649
131669
53087
111487
131800
131977
53373
131990
131576
53247
111812
131468
111724
131607
111590
111602
111755
111834
111658
131659
111897
131936
111550
131778
131601
111569
131643
131582
53204
53195
131736
53224
111699
131645
53433
131442
131850
53446
53389
131363
111890
53249
111509
111668
131869
53593
53235
131405
131411
111899
53018
53562
131608
53283
111546
111817
111501
111592
111697
111659
131967
53403
111711
111612
131697
53197
53042
111512
53123
111500
53118
53271
111561
111617
131546
131754
53026
131946
131470
131457
53502
131435
131525
111741
131675
111516
111488
111777
111882
131732
111573
111499
111605
111634
111871
131495
111513
53300
53020
131751
132007
131891
53057
131881
111790
111517
111877
53539
131705
111754
53388
131875
111810
53458
131846
131681
131911
111710
131723
53543
53483
53349
131365
111608
111900
111532
131466
131918
53092
111896
131406
131942
131728
131487
111652
53319
111827
53069
111804
131602
111823
53074
111811
131547
53228
111828
131378
53357
111846
131753
131981
131796
131821
131822
53278
111526
53396
131651
131652
131506
131596
111779
131950
131441
53498
131840
131777
132013
111813
131839
131682
53343
131544
111902
131462
131472
53422
131586
53368
111572
131982
131948
111726
131752
131789
131920
131965
111527
53158
111611
111595
132017
131884
53467
111606
52918
131375
111735
131590
131816
53285
111706
53355
53472
111744
131531
132028
53095
111620
131841
131673
111685
131455
53399
111892
131504
131831
131555
131520
53318
131676
111808
111680
53284
53213
111822
131904
53201
111885
53140
53453
131584
131560
53493
131748
53037
53424
131694
131715
131825
111718
131893
53091
131447
111852
111903
53220
53068
53161
131492
131828
111660
53130
131747
111656
131523
53440
111845
53478
53241
131955
131664
131570
53623
131729
131609
53460
111684
53681
111555
131397
131786
53162
131683
131646
53000
111614
131865
111761
53471
111518
131392
131806
131627
111800
53323
53112
53050
53099
53103
131511
111524
111493
131502
111889
53229
111665
111731
132048
131827
53313
53058
132009
53214
53182
131874
53257
111522
53261
131482
111603
131919
131480
131426
131413
53576
131572
131429
53149
111498
53334
53402
131851
53622
131956
131536
131814
131430
53270
131925
53342
53040
53048
53189
111559
111538
111752
111588
111826
131529
111850
131614
111506
53463
131835
131733
53054
131938
131566
111627
53282
53176
111851
53464
131937
131528
53219
131369
131886
131589
111870
111758
111751
131639
53269
131677
131577
131497
131820
131744
53223
111536
131387
111863
131548
131427
131476
131640
111552
131971
131617
111587
131885
111672
131561
131750
53184
131834
111727
131727
111765
53024
53331
131558
131780
53250
111716
131438
111623
53316
53129
131791
131854
53314
131568
53146
111775
111621
131384
111564
131830
111912
111554
111673
131767
53260
111489
111866
53405
131514
53645
132019
53435
131931
53012
131810
53113
111504
111759
111633
53227
131503
53371
131921
111598
53066
111740
111567
53225
131909
53432
53187
53139
53423
131479
131642
53143
53379
131592
53198
131927
111570
111648
131623
131359
53394
53563
131870
111745
131815
111597
53359
131959
131731
131467
131785
53597
131764
53266
53459
111713
131897
53221
132040
131604
53516
131994
53208
131537
111696
53047
111537
53163
53061
111738
131804
111796
131358
111881
53366
111708
53218
111794
53237
131573
53226
111864
53031
111502
111728
111681
53127
131656
131393
131390
131689
53427
111693
111578
111622
131685
131388
111717
131743
53233
111686
131768
53023
111497
111848
131449
131680
111492
53470
111533
53196
53165
131843
111618
111923
111853
53056
131489
131952
53437
53159
111565
53104
53210
111714
53455
131782
52997
111566
131644
111576
131709
53098
131418
53128
131773
131508
131883
131713
131647
111839
53683
53417
111830
131722
111920
53032
131686
111879
131660
131458
131654
131431
53121
131811
131860
53372
131636
53276
131945
131774
111531
131868
53469
131663
111528
53153
131634
52931
53512
53533
131564
53108
52996
53297
111525
131366
111662
131465
53329
53291
131813
131880
131422
53125
53351
131701
53281
111586
111600
111503
52977
131478
53560
111824
131763
131567
111615
131488
53450
53501
131914
131923
131362
131734
131434
131580
53376
131895
53363
53304
111654
111860
131849
131579
131376
131391
53556
53160
131817
53286
53215
131518
53211
131557
53243
111571
111814
111674
111666
53320
131749
131933
131534
53144
131460
131718
53272
53097
111579
53415
131648
131371
53367
131498
131848
131898
53193
131385
53287
111613
131569
53414
131890
131400
53049
131765
131631
131585
53378
53173
111818
53345
131540
131730
131597
52998
111786
131578
53337
53222
111557
53171
111705
131720
111805
111541
53148
111683
111838
111647
53294
53244
53500
131829
111676
53236
53060
131969
131745
131625
131407
53532
111788
53073
111862
111584
53522
53578
131653
131535
131469
111815
111616
53202
53466
53301
131888
131900
111594
53358
53441
131708
111778
111581
111841
111742
111739
111589
53344
111776
53541
131421
131930
131861
111723
131692
131638
53384
53397
53181
131915
131657
111832
111806
111695
131954
131873
53540
111511
111677
111769
131700
53232
53339
53094
131916
53601
111690
111491
53093
53178
53608
53051
131612
111798
111638
53038
111868
111545
111883
131847
53324
131717
131964
111643
131907
53053
131926
111556
53145
111547
131628
131876
53242
53035
53279
111867
53321
131797
53083
53106
131935
131739
131896
53132
53325
131759
131755
53114
111542
53311
131574
111721
53138
53412
111861
53449
53473
131598
131867
53509
131507
131687
131783
131530
131356
111655
131453
131381
131420
53574
111772
131417
53135
131691
53327
111698
53326
131703
131373
53117
111591
111646
53253
111795
131629
111574
53174
131740
53530
53407
111631
131399
53370
111872
53474
111639
111763
111510
131423
131501
53180
53164
53362
111857
131776
131724
131842
111749
53136
52932
111628
111733
53354
131444
111644
53070
53194
53166
132034
111753
131463
131819
53387
131993
111807
53027
131486
111687
53256
53084
131756
111858
131779
53534
131637
53347
131581
131428
111907
53072
131389
53309
131960
53317
131619
111692
131616
53330
53217
131972
131958
53259
53361
131788
131543
131665
53090
131903
131593
53102
131403
111682
53177
131512
131836
111847
131464
131367
53477
53365
53101
111878
53333
131605
131794
53484
53448
111694
111625
53587
131545
131622
131450
111707
53110
111678
131649
111521
131419
131878
111842
131595
53406
131856
131906
53445
111703
53654
53411
53535
111562
131934
131932
111756
131415
53216
131360
111539
111486
111766
53475
131913
53338
53375
131912
131866
131818
111774
131758
111840
111768
53486
111820
53251
131735
53546
111495
111854
131521
111551
53168
131635
131451
53041
131711
53107
131862
111651
131432
53080
131620
53052
131826
111793
131594
131633
131957
111582
132042
111729
111548
131500
111609
131808
53290
131383
53410
53142
53310
131951
53065
111884
131871
131606
53519
131712
111635
131494
131832
53131
131852
53447
111894
53299
111657
131408
53268
131563
111836
111781
111747
111762
53109
53234
53019
131368
131372
131650
111784
53288
111719
131872
111671
53212
111844
111619
131533
111593
53315
53537
111874
53120
53443
53346
53071
131769
131377
111849
111819
53186
53476
53480
53188
111797
131395
53393
131905
111530
53152
53496
131549
131425
111650
131554
53413
131481
111520
53119
131721
53482
53262
131738
53255
111629
53369
53517
111856
53062
131662
131889
131571
131853
53380
53064
131877
53385
53408
131793
131879
53154
131772
131714
111560
131771
53404
131725
111736
131491
111700
111664
131499
53531
131962
53192
131522
111670
131953
111730
53401
131445
131624
131666
131621
131798
53457
53076
131618
111494
111835
111787
131941
111558
131611
131807
111802
111773
53240
131684
111636
131974
131379
111869
111913
53536
53248
53293
131551
53133
53350
131433
111607
53289
53086
53479
53263
131583
53302
131655
131799
131824
53513
53141
131370
131386
131795
53436
131510
53105
53079
131524
131354
131587
111859
131626
111764
131688
111529
131416
131802
131859
53390
53029
53150
132041
53206
53377
53157
111895
53303
131542
131538
111691
131516
131855
53616
53231
131410
53489
131679
131401
53088
111704
131766
53468
111575
131459
53175
53134
131672
111580
111888
53439
131805
53126
131404
53170
53514
53348
131858
111843
131949
53544
53274
131496
131978
53454
131471
131613
131844
131838
131670
53374
53364
53391
111702
131787
111515
111743
131944
131940
53155
111771
53022
52945
131784
131630
53230
53356
111653
111725
53199
131461
111825
131575
131757
131361
131398
131641
131939
111875
53606
131947
53392
53503
131439
111669
131437
111712
53485
131726
53028
111543
53322
53238
111821
131414
111507
111722
132033
53295
131737
111630
131484
111816
111767
131477
131809
132027
53273
53089
111770
52999
53335
131382
111641
132018
131943
111483
111585
111789
53077
111563
53172
53078
131436
53487
53298
131961
131857
131678
111833
131917
53096
131562
131424
53209
53169
131452
53386
131760
53252
111916
131658
131901
131902
53312
111601
53430
53353
53030
111675
131973
53340
53055
131928
111780
131968
131600
53075
111837
53016
53264
131864
111905
131485
131837
111829
53529
111540
131526
53151
53190
53124
53416
131412
53296
131440
53044
131473
53063
53046
111534
111544
131693
53280
131402
53545
53336
131707
111626
53207
111782
111809
111760
131539
131894
131908
131833
131513
111709
53246
131742
53308
111645
131845
131702
131517
111865
53081
132037
53115
53527
131770
111855
111873
53381
111661
131610
131863
111688
53549
131924
131910
53328
131746
53137
111568
131490
53305
131887
111715
111496
53036
111791
53277
111642
111720
53462
131454
131970
131976
53438
111519
111549
131812
111479
111553
131696
53382
131699
131532
111783
131661
131706
131515
53352
53395
111535
53452
131556
111480
Window 8
53383
131632
131704
53428
111785
111667
131493
53275
131588
131719
111701
131882
111915
111876
111792
131552
53122
131710
131668
111898
131603
131519
131565
53431
53499
53205
131695
111734
131380
131801
111737
131762
111596
111523
53167
53183
131979
53602
111801
111508
53014
111750
53510
131505
131443
111640
131527
131781
53552
53497
53456
111746
53200
53004
111577
111803
132008
111604
111757
131474
132004
53179
131922
111893
53481
53100
131803
53306
131591
53444
131409
53429
131396
131899
131761
111831
53258
53360
131541
53116
111689
131674
111891
131448
131792
131374
131483
131892
131364
131550
111679
53426
131690
53265
131963
53156
131599
53551
53400
111514
111637
131475
53538
53332
53203
53034
131446
53504
131615
131559
53239
53245
131929
131671
111748
131790
53267
53292
131698
111886
53518
131667
53511
111505
111663
53254
111490
53307
131553
111599
131394
111583
111632
131716
131775
111880
131456
131975
131741
131509
53191
111799
111887
111610
111624
111732
53398
53451
131823
53584
111649
131669
53087
111487
131800
131977
53373
131990
131576
53247
111812
131468
111724
131607
111590
111602
111755
111834
111658
131659
111897
131936
111550
131778
131601
111569
131643
131582
53204
53195
131736
53224
111699
131645
53433
131442
131850
53446
53389
131363
111890
53249
111509
111668
131869
53593
53235
131405
131411
111899
53018
53562
131608
53283
111546
111817
111501
111592
111697
111659
131967
53403
111711
111612
131697
53197
53042
111512
53123
111500
53118
53271
111561
111617
131546
131754
53026
131946
131470
131457
53502
131435
131525
111741
131675
111516
111488
111777
111882
131732
111573
111499
111605
111634
111871
131495
111513
53300
53020
131751
132007
131891
53057
131881
111790
111517
111877
53539
131705
111754
53388
131875
111810
53458
131846
131681
131911
111710
131723
53543
53483
53349
131365
111608
111900
111532
131466
131918
53092
111896
131406
131942
131728
131487
111652
53319
111827
53069
111804
131602
111823
53074
111811
131547
53228
111828
131378
53357
111846
131753
131981
131796
131821
131822
53278
111526
53396
131651
131652
131506
131596
111779
131950
131441
53498
131840
131777
132013
111813
131839
131682
53343
131544
111902
131462
131472
53422
131586
53368
111572
131982
131948
111726
131752
131789
131920
131965
111527
53158
111611
111595
132017
131884
53467
111606
52918
131375
111735
131590
131816
53285
111706
53355
53472
111744
131531
132028
53095
111620
131841
131673
111685
131455
53399
111892
131504
131831
131555
131520
53318
131676
111808
111680
53284
53213
111822
131904
53201
111885
53140
53453
131584
131560
53493
131748
53037
53424
131694
131715
131825
111718
131893
53091
131447
111852
111903
53220
53068
53161
131492
131828
111660
53130
131747
111656
131523
53440
111845
53478
53241
131955
131664
131570
53623
131729
131609
53460
111684
53681
111555
131397
131786
53162
131683
131646
53000
111614
131865
111761
53471
111518
131392
131806
131627
111800
53323
53112
53050
53099
53103
131511
111524
111493
131502
111889
53229
111665
111731
132048
131827
53313
53058
132009
53214
53182
131874
53257
111522
53261
131482
111603
131919
131480
131426
131413
53576
131572
131429
53149
111498
53334
53402
131851
53622
131956
131536
131814
131430
53270
131925
53342
53040
53048
53189
111559
111538
111752
111588
111826
131529
111850
131614
111506
53463
131835
131733
53054
131938
131566
111627
53282
53176
111851
53464
131937
131528
53219
131369
131886
131589
111870
111758
111751
131639
53269
131677
131577
131497
131820
131744
53223
111536
131387
111863
131548
131427
131476
131640
111552
131971
131617
111587
131885
111672
131561
131750
53184
131834
111727
131727
111765
53024
53331
131558
131780
53250
111716
131438
111623
53316
53129
131791
131854
53314
131568
53146
111775
111621
131384
111564
131830
111912
111554
111673
131767
53260
111489
111866
53405
131514
53645
132019
53435
131931
53012
131810
53113
111504
111759
111633
53227
131503
53371
131921
111598
53066
111740
111567
53225
131909
53432
53187
53139
53423
131479
131642
53143
53379
131592
53198
131927
111570
111648
131623
131359
53394
53563
131870
111745
131815
111597
53359
131959
131731
131467
131785
53597
131764
53266
53459
111713
131897
53221
132040
131604
53516
131994
53208
131537
111696
53047
111537
53163
53061
111738
131804
111796
131358
111881
53366
111708
53218
111794
53237
131573
53226
111864
53031
111502
111728
111681
53127
131656
131393
131390
131689
53427
111693
111578
111622
131685
131388
111717
131743
53233
111686
131768
53023
111497
111848
131449
131680
111492
53470
111533
53196
53165
131843
111618
111923
111853
53056
131489
131952
53437
53159
111565
53104
53210
111714
53455
131782
52997
111566
131644
111576
131709
53098
131418
53128
131773
131508
131883
131713
131647
111839
53683
53417
111830
131722
111920
53032
131686
111879
131660
131458
131654
131431
53121
131811
131860
53372
131636
53276
131945
131774
111531
131868
53469
131663
111528
53153
131634
52931
53512
53533
131564
53108
52996
53297
111525
131366
111662
131465
53329
53291
131813
131880
131422
53125
53351
131701
53281
111586
111600
111503
52977
131478
53560
111824
131763
131567
111615
131488
53450
53501
131914
131923
131362
131734
131434
131580
53376
131895
53363
53304
111654
111860
131849
131579
131376
131391
53556
53160
131817
53286
53215
131518
53211
131557
53243
111571
111814
111674
111666
53320
131749
131933
131534
53144
131460
131718
53272
53097
111579
53415
131648
131371
53367
131498
131848
131898
53193
131385
53287
111613
131569
53414
131890
131400
53049
131765
131631
131585
53378
53173
111818
53345
131540
131730
131597
52998
111786
131578
53337
53222
111557
53171
111705
131720
111805
111541
53148
111683
111838
111647
53294
53244
53500
131829
111676
53236
53060
131969
131745
131625
131407
53532
111788
53073
111862
111584
53522
53578
131653
131535
131469
111815
111616
53202
53466
53301
131888
131900
111594
53358
53441
131708
111778
111581
111841
111742
111739
111589
53344
111776
53541
131421
131930
131861
111723
131692
131638
53384
53397
53181
131915
131657
111832
111806
111695
131954
131873
53540
111511
111677
111769
131700
53232
53339
53094
131916
53601
111690
111491
53093
53178
53608
53051
131612
111798
111638
53038
111868
111545
111883
131847
53324
131717
131964
111643
131907
53053
131926
111556
53145
111547
131628
131876
53242
53035
53279
111867
53321
131797
53083
53106
131935
131739
131896
53132
53325
131759
131755
53114
111542
53311
131574
111721
53138
53412
111861
53449
53473
131598
131867
53509
131507
131687
131783
131530
131356
111655
131453
131381
131420
53574
111772
131417
53135
131691
53327
111698
53326
131703
131373
53117
111591
111646
53253
111795
131629
111574
53174
131740
53530
53407
111631
131399
53370
111872
53474
111639
111763
111510
131423
131501
53180
53164
53362
111857
131776
131724
131842
111749
53136
52932
111628
111733
53354
131444
111644
53070
53194
53166
132034
111753
131463
131819
53387
131993
111807
53027
131486
111687
53256
53084
131756
111858
131779
53534
131637
53347
131581
131428
111907
53072
131389
53309
131960
53317
131619
111692
131616
53330
53217
131972
131958
53259
53361
131788
131543
131665
53090
131903
131593
53102
131403
111682
53177
131512
131836
111847
131464
131367
53477
53365
53101
111878
53333
131605
131794
53484
53448
111694
111625
53587
131545
131622
131450
111707
53110
111678
131649
111521
131419
131878
111842
131595
53406
131856
131906
53445
111703
53654
53411
53535
111562
131934
131932
111756
131415
53216
131360
111539
111486
111766
53475
131913
53338
53375
131912
131866
131818
111774
131758
111840
111768
53486
111820
53251
131735
53546
111495
111854
131521
111551
53168
131635
131451
53041
131711
53107
131862
111651
131432
53080
131620
53052
131826
111793
131594
131633
131957
111582
132042
111729
111548
131500
111609
131808
53290
131383
53410
53142
53310
131951
53065
111884
131871
131606
53519
131712
111635
131494
131832
53131
131852
53447
111894
53299
111657
131408
53268
131563
111836
111781
111747
111762
53109
53234
53019
131368
131372
131650
111784
53288
111719
131872
111671
53212
111844
111619
131533
111593
53315
53537
111874
53120
53443
53346
53071
131769
131377
111849
111819
53186
53476
53480
53188
111797
131395
53393
131905
111530
53152
53496
131549
131425
111650
131554
53413
131481
111520
53119
131721
53482
53262
131738
53255
111629
53369
53517
111856
53062
131662
131889
131571
131853
53380
53064
131877
53385
53408
131793
131879
53154
131772
131714
111560
131771
53404
131725
111736
131491
111700
111664
131499
53531
131962
53192
131522
111670
131953
111730
53401
131445
131624
131666
131621
131798
53457
53076
131618
111494
111835
111787
131941
111558
131611
131807
111802
111773
53240
131684
111636
131974
131379
111869
111913
53536
53248
53293
131551
53133
53350
131433
111607
53289
53086
53479
53263
131583
53302
131655
131799
131824
53513
53141
131370
131386
131795
53436
131510
53105
53079
131524
131354
131587
111859
131626
111764
131688
111529
131416
131802
131859
53390
53029
53150
132041
53206
53377
53157
111895
53303
131542
131538
111691
131516
131855
53616
53231
131410
53489
131679
131401
53088
111704
131766
53468
111575
131459
53175
53134
131672
111580
111888
53439
131805
53126
131404
53170
53514
53348
131858
111843
131949
53544
53274
131496
131978
53454
131471
131613
131844
131838
131670
53374
53364
53391
111702
131787
111515
111743
131944
131940
53155
111771
53022
52945
131784
131630
53230
53356
111653
111725
53199
131461
111825
131575
131757
131361
131398
131641
131939
111875
53606
131947
53392
53503
131439
111669
131437
111712
53485
131726
53028
111543
53322
53238
111821
131414
111507
111722
132033
53295
131737
111630
131484
111816
111767
131477
131809
132027
53273
53089
111770
52999
53335
131382
111641
132018
131943
111483
111585
111789
53077
111563
53172
53078
131436
53487
53298
131961
131857
131678
111833
131917
53096
131562
131424
53209
53169
131452
53386
131760
53252
111916
131658
131901
131902
53312
111601
53430
53353
53030
111675
131973
53340
53055
131928
111780
131968
131600
53075
111837
53016
53264
131864
111905
131485
131837
111829
53529
111540
131526
53151
53190
53124
53416
131412
53296
131440
53044
131473
53063
53046
111534
111544
131693
53280
131402
53545
53336
131707
111626
53207
111782
111809
111760
131539
131894
131908
131833
131513
111709
53246
131742
53308
111645
131845
131702
131517
111865
53081
132037
53115
53527
131770
111855
111873
53381
111661
131610
131863
111688
53549
131924
131910
53328
131746
53137
111568
131490
53305
131887
111715
111496
53036
111791
53277
111642
111720
53462
131454
131970
131976
53438
111519
111549
131812
111479
111553
131696
53382
131699
131532
111783
131661
131706
131515
53352
53395
111535
53452
131556
111480
Window 9
53383
131632
131704
53428
111785
111667
131493
53275
131588
131719
111701
131882
111915
111876
111792
131552
53122
131710
131668
111898
131603
131519
131565
53431
53499
53205
131695
111734
131380
131801
111737
131762
111596
111523
53167
53183
131979
53602
111801
111508
53014
111750
53510
131505
131443
111640
131527
131781
53552
53497
53456
111746
53200
53004
111577
111803
132008
111604
111757
131474
132004
53179
131922
111893
53481
53100
131803
53306
131591
53444
131409
53429
131396
131899
131761
111831
53258
53360
131541
53116
111689
131674
111891
131448
131792
131374
131483
131892
131364
131550
111679
53426
131690
53265
131963
53156
131599
53551
53400
111514
111637
131475
53538
53332
53203
53034
131446
53504
131615
131559
53239
53245
131929
131671
111748
131790
53267
53292
131698
111886
53518
131667
53511
111505
111663
53254
111490
53307
131553
111599
131394
111583
111632
131716
131775
111880
131456
131975
131741
131509
53191
111799
111887
111610
111624
111732
53398
53451
131823
53584
111649
131669
53087
111487
131800
131977
53373
131990
131576
53247
111812
131468
111724
131607
111590
111602
111755
111834
111658
131659
111897
131936
111550
131778
131601
111569
131643
131582
53204
53195
131736
53224
111699
131645
53433
131442
131850
53446
53389
131363
111890
53249
111509
111668
131869
53593
53235
131405
131411
111899
53018
53562
131608
53283
111546
111817
111501
111592
111697
111659
131967
53403
111711
111612
131697
53197
53042
111512
53123
111500
53118
53271
111561
111617
131546
131754
53026
131946
131470
131457
53502
131435
131525
111741
131675
111516
111488
111777
111882
131732
111573
111499
111605
111634
111871
131495
111513
53300
53020
131751
132007
131891
53057
131881
111790
111517
111877
53539
131705
111754
53388
131875
111810
53458
131846
131681
131911
111710
131723
53543
53483
53349
131365
111608
111900
111532
131466
131918
53092
111896
131406
131942
131728
131487
111652
53319
111827
53069
111804
131602
111823
53074
111811
131547
53228
111828
131378
53357
111846
131753
131981
131796
131821
131822
53278
111526
53396
131651
131652
131506
131596
111779
131950
131441
53498
131840
131777
132013
111813
131839
131682
53343
131544
111902
131462
131472
53422
131586
53368
111572
131982
131948
111726
131752
131789
131920
131965
111527
53158
111611
111595
132017
131884
53467
111606
52918
131375
111735
131590
131816
53285
111706
53355
53472
111744
131531
132028
53095
111620
131841
131673
111685
131455
53399
111892
131504
131831
131555
131520
53318
131676
111808
111680
53284
53213
111822
131904
53201
111885
53140
53453
131584
131560
53493
131748
53037
53424
131694
131715
131825
111718
131893
53091
131447
111852
111903
53220
53068
53161
131492
131828
111660
53130
131747
111656
131523
53440
111845
53478
53241
131955
131664
131570
53623
131729
131609
53460
111684
53681
111555
131397
131786
53162
131683
131646
53000
111614
131865
111761
53471
111518
131392
131806
131627
111800
53323
53112
53050
53099
53103
131511
111524
111493
131502
111889
53229
111665
111731
132048
131827
53313
53058
132009
53214
53182
131874
53257
111522
53261
131482
111603
131919
131480
131426
131413
53576
131572
131429
53149
111498
53334
53402
131851
53622
131956
131536
131814
131430
53270
131925
53342
53040
53048
53189
111559
111538
111752
111588
111826
131529
111850
131614
111506
53463
131835
131733
53054
131938
131566
111627
53282
53176
111851
53464
131937
131528
53219
131369
131886
131589
111870
111758
111751
131639
53269
131677
131577
131497
131820
131744
53223
111536
131387
111863
131548
131427
131476
131640
111552
131971
131617
111587
131885
111672
131561
131750
53184
131834
111727
131727
111765
53024
53331
131558
131780
53250
111716
131438
111623
53316
53129
131791
131854
53314
131568
53146
111775
111621
131384
111564
131830
111912
111554
111673
131767
53260
111489
111866
53405
131514
53645
132019
53435
131931
53012
131810
53113
111504
111759
111633
53227
131503
53371
131921
111598
53066
111740
111567
53225
131909
53432
53187
53139
53423
131479
131642
53143
53379
131592
53198
131927
111570
111648
131623
131359
53394
53563
131870
111745
131815
111597
53359
131959
131731
131467
131785
53597
131764
53266
53459
111713
131897
53221
132040
131604
53516
131994
53208
131537
111696
53047
111537
53163
53061
111738
131804
111796
131358
111881
53366
111708
53218
111794
53237
131573
53226
111864
53031
111502
111728
111681
53127
131656
131393
131390
131689
53427
111693
111578
111622
131685
131388
111717
131743
53233
111686
131768
53023
111497
111848
131449
131680
111492
53470
111533
53196
53165
131843
111618
111923
111853
53056
131489
131952
53437
53159
111565
53104
53210
111714
53455
131782
52997
111566
131644
111576
131709
53098
131418
53128
131773
131508
131883
131713
131647
111839
53683
53417
111830
131722
111920
53032
131686
111879
131660
131458
131654
131431
53121
131811
131860
53372
131636
53276
131945
131774
111531
131868
53469
131663
111528
53153
131634
52931
53512
53533
131564
53108
52996
53297
111525
131366
111662
131465
53329
53291
131813
131880
131422
53125
53351
131701
53281
111586
111600
111503
52977
131478
53560
111824
131763
131567
111615
131488
53450
53501
131914
131923
131362
131734
131434
131580
53376
131895
53363
53304
111654
111860
131849
131579
131376
131391
53556
53160
131817
53286
53215
131518
53211
131557
53243
111571
111814
111674
111666
53320
131749
131933
131534
53144
131460
131718
53272
53097
111579
53415
131648
131371
53367
131498
131848
131898
53193
131385
53287
111613
131569
53414
131890
131400
53049
131765
131631
131585
53378
53173
111818
53345
131540
131730
131597
52998
111786
131578
53337
53222
111557
53171
111705
131720
111805
111541
53148
111683
111838
111647
53294
53244
53500
131829
111676
53236
53060
131969
131745
131625
131407
53532
111788
53073
111862
111584
53522
53578
131653
131535
131469
111815
111616
53202
53466
53301
131888
131900
111594
53358
53441
131708
111778
111581
111841
111742
111739
111589
53344
111776
53541
131421
131930
131861
111723
131692
131638
53384
53397
53181
131915
131657
111832
111806
111695
131954
131873
53540
111511
111677
111769
131700
53232
53339
53094
131916
53601
111690
111491
53093
53178
53608
53051
131612
111798
111638
53038
111868
111545
111883
131847
53324
131717
131964
111643
131907
53053
131926
111556
53145
111547
131628
131876
53242
53035
53279
111867
53321
131797
53083
53106
131935
131739
131896
53132
53325
131759
131755
53114
111542
53311
131574
111721
53138
53412
111861
53449
53473
131598
131867
53509
131507
131687
131783
131530
131356
111655
131453
131381
131420
53574
111772
131417
53135
131691
53327
111698
53326
131703
131373
53117
111591
111646
53253
111795
131629
111574
53174
131740
53530
53407
111631
131399
53370
111872
53474
111639
111763
111510
131423
131501
53180
53164
53362
111857
131776
131724
131842
111749
53136
52932
111628
111733
53354
131444
111644
53070
53194
53166
132034
111753
131463
131819
53387
131993
111807
53027
131486
111687
53256
53084
131756
111858
131779
53534
131637
53347
131581
131428
111907
53072
131389
53309
131960
53317
131619
111692
131616
53330
53217
131972
131958
53259
53361
131788
131543
131665
53090
131903
131593
53102
131403
111682
53177
131512
131836
111847
131464
131367
53477
53365
53101
111878
53333
131605
131794
53484
53448
111694
111625
53587
131545
131622
131450
111707
53110
111678
131649
111521
131419
131878
111842
131595
53406
131856
131906
53445
111703
53654
53411
53535
111562
131934
131932
111756
131415
53216
131360
111539
111486
111766
53475
131913
53338
53375
131912
131866
131818
111774
131758
111840
111768
53486
111820
53251
131735
53546
111495
111854
131521
111551
53168
131635
131451
53041
131711
53107
131862
111651
131432
53080
131620
53052
131826
111793
131594
131633
131957
111582
132042
111729
111548
131500
111609
131808
53290
131383
53410
53142
53310
131951
53065
111884
131871
131606
53519
131712
111635
131494
131832
53131
131852
53447
111894
53299
111657
131408
53268
131563
111836
111781
111747
111762
53109
53234
53019
131368
131372
131650
111784
53288
111719
131872
111671
53212
111844
111619
131533
111593
53315
53537
111874
53120
53443
53346
53071
131769
131377
111849
111819
53186
53476
53480
53188
111797
131395
53393
131905
111530
53152
53496
131549
131425
111650
131554
53413
131481
111520
53119
131721
53482
53262
131738
53255
111629
53369
53517
111856
53062
131662
131889
131571
131853
53380
53064
131877
53385
53408
131793
131879
53154
131772
131714
111560
131771
53404
131725
111736
131491
111700
111664
131499
53531
131962
53192
131522
111670
131953
111730
53401
131445
131624
131666
131621
131798
53457
53076
131618
111494
111835
111787
131941
111558
131611
131807
111802
111773
53240
131684
111636
131974
131379
111869
111913
53536
53248
53293
131551
53133
53350
131433
111607
53289
53086
53479
53263
131583
53302
131655
131799
131824
53513
53141
131370
131386
131795
53436
131510
53105
53079
131524
131354
131587
111859
131626
111764
131688
111529
131416
131802
131859
53390
53029
53150
132041
53206
53377
53157
111895
53303
131542
131538
111691
131516
131855
53616
53231
131410
53489
131679
131401
53088
111704
131766
53468
111575
131459
53175
53134
131672
111580
111888
53439
131805
53126
131404
53170
53514
53348
131858
111843
131949
53544
53274
131496
131978
53454
131471
131613
131844
131838
131670
53374
53364
53391
111702
131787
111515
111743
131944
131940
53155
111771
53022
52945
131784
131630
53230
53356
111653
111725
53199
131461
111825
131575
131757
131361
131398
131641
131939
111875
53606
131947
53392
53503
131439
111669
131437
111712
53485
131726
53028
111543
53322
53238
111821
131414
111507
111722
132033
53295
131737
111630
131484
111816
111767
131477
131809
132027
53273
53089
111770
52999
53335
131382
111641
132018
131943
111483
111585
111789
53077
111563
53172
53078
131436
53487
53298
131961
131857
131678
111833
131917
53096
131562
131424
53209
53169
131452
53386
131760
53252
111916
131658
131901
131902
53312
111601
53430
53353
53030
111675
131973
53340
53055
131928
111780
131968
131600
53075
111837
53016
53264
131864
111905
131485
131837
111829
53529
111540
131526
53151
53190
53124
53416
131412
53296
131440
53044
131473
53063
53046
111534
111544
131693
53280
131402
53545
53336
131707
111626
53207
111782
111809
111760
131539
131894
131908
131833
131513
111709
53246
131742
53308
111645
131845
131702
131517
111865
53081
132037
53115
53527
131770
111855
111873
53381
111661
131610
131863
111688
53549
131924
131910
53328
131746
53137
111568
131490
53305
131887
111715
111496
53036
111791
53277
111642
111720
53462
131454
131970
131976
53438
111519
111549
131812
111479
111553
131696
53382
131699
131532
111783
131661
131706
131515
53352
53395
111535
53452
131556
111480
