Window 0
724
1832
2000
5437
6047
6268
5569
280
1431
6620
6064
5721
6042
2880
3279
3410
9263
6266
2307
5720
6036
3119
3711
4022
3278
5564
6038
7442
1868
250
2879
6269
7435
6073
249
852
1972
281
1531
543
3416
6050
6074
3446
868
3447
1406
1971
3018
5557
5629
6037
6274
3007
3304
7434
3303
3415
6057
5910
6070
2576
6069
2020
1973
5474
1731
3411
3412
3835
1532
723
851
2588
1405
7921
3996
6075
4593
6039
833
3120
1974
3008
1430
3600
6048
1713
7436
1867
6273
5143
4592
6044
5924
1831
434
542
6059
6275
6043
6060
6065
3017
5142
6072
6053
1833
5436
2587
3836
2610
2306
4023
1732
395
1714
5507
3414
6067
5559
6051
5558
6058
544
6054
6068
6061
9264
5724
3409
396
6046
6062
869
6049
538
4591
6267
2575
6063
832
2589
6066
5567
5725
6071
6276
6055
1682
6041
5475
6052
5568
3712
1999
3433
6056
6272
3599
5563
433
6277
6040
6045
539
1683
3995
5909
Window 1
724
1832
2000
5437
6047
6268
5569
1431
6620
6064
5721
6042
2880
3279
3410
9263
6266
2307
5720
6036
3119
3711
4022
3278
5564
6038
7442
1868
2879
6269
7435
6073
852
1972
1531
543
3416
6050
6074
3446
868
3447
1406
1971
3018
5557
5629
6037
6274
3007
3304
7434
3303
3415
6057
5910
6070
2576
6069
2020
1973
5474
1731
3411
3412
3835
1532
723
851
2588
1405
7921
3996
6075
4593
6039
833
3120
1974
3008
1430
3600
6048
1713
7436
1867
6273
5143
4592
6044
5924
1831
542
6059
6275
6043
6060
6065
3017
5142
6072
6053
1833
5436
2587
3836
2610
2306
4023
1732
1714
5507
3414
6067
5559
6051
5558
6058
544
6054
6068
6061
9264
5724
3409
6046
6062
869
6049
538
4591
6267
2575
6063
832
2589
6066
5567
5725
6071
6276
6055
1682
6041
5475
6052
5568
3712
1999
3433
6056
6272
3599
5563
6277
6040
6045
539
1683
3995
5909
Window 2
10836
10827
1832
2000
5437
6047
6268
5569
1431
6620
6064
5721
6042
2880
3279
3410
9263
6266
2307
5720
6036
3119
10832
3711
10506
4022
3278
5564
6038
7442
1868
2879
6269
7435
6073
1972
1531
3416
6050
6074
3446
3447
1406
1971
3018
5557
5629
6037
6274
10505
3007
3304
7434
3303
3415
6057
5910
6070
2576
6069
2020
1973
10778
5474
1731
3411
3412
3835
1532
2588
1405
7921
3996
6075
4593
6039
3120
1974
3008
1430
3600
6048
1713
7436
1867
6273
10833
5143
4592
6044
5924
1831
10828
6059
6275
6043
6060
6065
3017
5142
6072
6053
1833
5436
2587
3836
2610
2306
4023
1732
1714
5507
3414
6067
5559
6051
5558
6058
6054
6068
6061
10777
9264
5724
3409
6046
10829
6062
6049
4591
6267
2575
6063
2589
6066
5567
10834
5725
6071
6276
10830
6055
1682
6041
5475
6052
5568
3712
1999
3433
6056
6272
10831
3599
5563
6277
6040
6045
1683
3995
5909
10835
Window 3
10836
10827
1832
2000
5437
6047
6268
5569
6620
6064
5721
6042
2880
3279
3410
9263
6266
2307
5720
6036
3119
10832
3711
10506
4022
3278
5564
6038
7442
1868
2879
6269
7435
6073
1972
1531
3416
6050
6074
3446
3447
1971
3018
5557
5629
6037
6274
10505
3007
3304
7434
3303
3415
6057
5910
6070
2576
6069
2020
1973
10778
5474
1731
3411
3412
3835
1532
2588
7921
3996
6075
4593
6039
3120
1974
3008
3600
6048
1713
7436
1867
6273
10833
5143
4592
6044
5924
1831
10828
6059
6275
6043
6060
6065
3017
5142
6072
6053
1833
5436
2587
3836
2610
2306
4023
1732
1714
5507
3414
6067
5559
6051
5558
6058
6054
6068
6061
10777
9264
5724
3409
6046
10829
6062
6049
4591
6267
2575
6063
2589
6066
5567
10834
5725
6071
6276
10830
6055
1682
6041
5475
6052
5568
3712
1999
3433
6056
6272
10831
3599
5563
6277
6040
6045
1683
3995
5909
10835
Window 4
10836
10827
11726
2000
11703
5437
6047
6268
5569
6620
6064
5721
6042
2880
11830
3279
3410
9263
6266
11829
2307
5720
6036
11725
11701
11937
3119
11728
10832
3711
10506
4022
3278
5564
6038
7442
2879
6269
11938
7435
11702
11983
6073
3416
11982
6050
6074
3446
3447
3018
5557
5629
6037
6274
10505
3007
3304
7434
3303
3415
6057
5910
6070
11719
2576
6069
2020
10778
5474
3411
3412
3835
2588
7921
3996
6075
4593
6039
3120
3008
3600
6048
7436
6273
10833
5143
11706
4592
6044
5924
10828
11727
6059
11718
6275
11716
6043
6060
6065
3017
5142
6072
6053
5436
2587
3836
2610
11955
11724
2306
4023
5507
3414
6067
5559
6051
5558
6058
11705
6054
6068
6061
10777
9264
5724
3409
6046
10829
11698
6062
6049
4591
6267
2575
6063
2589
6066
5567
10834
5725
6071
6276
10830
11704
11717
6055
6041
5475
6052
5568
3712
3433
6056
6272
10831
3599
5563
6277
6040
6045
3995
5909
10835
Window 5
10836
10827
11726
11703
5437
6047
6268
3401
5569
6620
6064
5721
6042
2880
3279
3410
9263
6266
5720
6036
11725
11701
11937
3119
11728
10832
3711
10506
4022
3278
5564
6038
7442
2879
6269
11938
7435
11702
11983
6073
3416
3418
11982
6050
6074
3446
3447
3018
5557
5629
6037
6274
10505
3007
3304
7434
3303
3415
6057
5910
6070
11719
2576
6069
10778
5474
3411
3412
3835
2588
7921
3996
6075
4593
6039
3120
3008
3600
6048
7436
6273
10833
5143
11706
4592
6044
5924
10828
11727
6059
11718
6275
11716
6043
6060
6065
3017
5142
6072
6053
5436
2587
3836
2610
2596
11955
11724
4023
3413
5507
3414
6067
5559
6051
5558
6058
11705
6054
6068
6061
10777
9264
5724
3409
6046
10829
11698
6062
6049
4591
6267
2575
6063
2589
6066
5567
10834
5725
6071
6276
10830
11704
11717
6055
6041
5475
6052
5568
3712
3433
6056
6272
10831
3148
3599
5563
6277
6040
6045
3995
5909
10835
Window 6
10836
12761
10827
11726
11703
5437
6047
6268
3401
5569
6620
3147
12920
6064
12771
5721
6042
12767
3279
3410
9263
6266
3421
5720
6036
11725
11701
11937
3119
11728
10832
3711
10506
4022
3278
5564
6038
7442
12784
6269
11938
7435
11702
11983
12768
6073
12770
3434
3402
3416
3418
11982
6050
12753
6074
3426
3446
3447
3018
5557
5629
6037
6274
10505
3007
3304
7434
3303
3415
6057
5910
6070
11719
6069
10778
12772
5474
3411
3412
3835
3420
7921
3996
6075
4593
6039
3120
3008
3600
6048
7436
6273
10833
5143
11706
12929
4592
6044
5924
10828
11727
6059
11718
6275
12754
11716
6043
6060
6065
3435
3017
5142
6072
6053
5436
3836
11955
11724
3432
4023
12785
3413
5507
3414
6067
5559
6051
12760
5558
6058
11705
6054
6068
6061
10777
9264
12759
5724
3409
12928
6046
10829
11698
6062
3403
3419
6049
4591
6267
6063
6066
5567
10834
5725
6071
6276
10830
11704
11717
6055
3422
6041
5475
6052
5568
3712
3433
6056
6272
10831
3148
3599
5563
6277
6040
6045
3417
3995
5909
10835
Window 7
10836
12761
10827
11726
11703
5437
6047
6268
5569
6620
12920
6064
12771
5721
6042
12767
3709
9263
6266
5720
6036
11725
11701
11937
11728
10832
3711
10506
4022
5564
6038
7442
12784
3718
6269
11938
7435
11702
11983
12768
6073
12770
11982
6050
12753
6074
3715
5557
5629
6037
6274
10505
7434
6057
5910
6070
11719
6069
10778
12772
5474
3835
13009
7921
3996
6075
4593
6039
3600
6048
7436
6273
3713
10833
5143
11706
12929
4592
6044
5924
10828
11727
6059
11718
6275
12754
11716
6043
6060
6065
5142
6072
3716
6053
3714
5436
3836
11955
11724
3710
4023
12785
5507
6067
5559
6051
12760
5558
6058
13010
11705
6054
6068
13008
6061
10777
9264
12759
5724
12928
6046
10829
11698
6062
6049
4591
6267
6063
6066
5567
10834
5725
6071
6276
10830
11704
11717
6055
6041
5475
6052
5568
3712
6056
6272
10831
3599
5563
6277
6040
6045
3995
5909
10835
Window 8
7695
10836
12761
10827
11726
11703
5437
6047
6268
5569
6620
12920
6064
12771
5721
6042
12767
9263
6266
5720
6036
11725
11701
11937
11728
10832
10506
4022
5564
6038
7442
12784
6269
11938
7435
11702
11983
12768
6073
12770
11982
6050
12753
6074
5557
5629
6037
6274
10505
7434
6057
5910
6070
11719
6069
10778
12772
5474
13009
7921
6075
4593
6039
6048
7436
6273
10833
5143
11706
12929
4592
6044
5924
10828
11727
6059
11718
6275
12754
11716
6043
6060
6065
5142
6072
6053
5436
13655
11955
11724
4023
12785
5507
6067
5559
6051
12760
5558
6058
13010
11705
6054
6068
13008
6061
10777
9264
12759
5724
12928
6046
10829
11698
6062
6049
4591
6267
6063
6066
5567
10834
5725
6071
6276
10830
11704
11717
6055
6041
5475
6052
5568
6056
6272
10831
5563
6277
6040
6045
5909
10835
Window 9
7695
10836
12761
10827
14268
11726
14296
11703
5437
6047
6268
5569
6620
12920
6064
12771
5721
6042
12767
9263
6266
5720
6036
11725
11701
11937
11728
10832
10506
5564
6038
7442
12784
6269
11938
7435
11702
11983
14269
12768
14272
6073
12770
11982
6050
12753
6074
14264
5557
5629
6037
6274
10505
7434
6057
5910
6070
11719
6069
10778
12772
5474
13009
7921
6075
4593
6039
6048
7436
6273
10833
5143
11706
12929
4592
6044
5924
10828
11727
6059
11718
6275
12754
11716
6043
6060
6065
5142
6072
14273
6053
5436
13655
14274
11955
11724
12785
5507
6067
5559
6051
12760
5558
6058
13010
11705
6054
6068
13008
6061
10777
9264
12759
5724
12928
6046
10829
11698
6062
6049
4591
6267
6063
6066
5567
10834
5725
6071
6276
10830
11704
11717
6055
6041
5475
6052
5568
6056
6272
10831
5563
6277
6040
6045
5909
10835
