Window 0
16419
33275
33228
34174
33205
16429
58333
33258
34130
58343
33239
34192
16416
16430
33290
33199
34175
34134
16401
33233
33245
33238
58352
34178
25767
33279
25760
34135
25735
33216
33303
33195
34137
25738
16402
16404
25748
35180
34172
34156
16434
33297
35155
35179
33229
33243
33270
33179
16397
34162
58361
58362
33280
33260
33217
25763
33293
34188
35160
33287
25752
58349
33264
33283
34171
25728
25731
33227
33262
33306
33220
33191
33294
33204
34186
34179
34149
25765
33289
58353
25758
33254
34170
34146
58345
33301
34151
33180
25744
33295
33221
33261
34152
81815
16422
33215
33197
58341
16406
34180
58350
33302
58330
16423
33232
58351
33242
34167
34159
16410
33210
34148
34142
33285
33244
33252
34129
35178
58360
33276
34128
16408
33186
33176
25751
25761
33235
33249
25755
25759
33219
33231
39236
34168
35157
58347
33248
34131
16412
34145
58363
33174
33257
34126
34173
33286
35159
35177
25757
33240
34144
39235
33225
34138
25768
34136
34177
16396
33272
34147
34176
16420
25730
33209
16400
58340
35154
58348
34191
16431
16428
34158
58359
33277
33251
16424
35176
35172
33259
33198
16413
16427
33241
33263
16411
34166
35175
33193
16432
25745
16407
16415
33208
58332
16425
35161
25727
33278
33247
25753
25729
25737
34160
33304
39237
25754
33196
34140
34143
34127
33177
33190
34139
33213
58331
58325
25756
33307
58338
33299
58354
25734
33253
33298
58335
58336
33206
34133
58337
58358
33305
16409
58355
16418
33212
34125
33271
34187
33255
33223
25742
35184
33291
33284
33268
58328
34189
25741
25746
33250
81817
33296
16421
34169
58334
33200
33281
58329
58346
33246
34165
25766
33274
81813
16414
33207
33194
33175
33234
34190
35173
58339
34181
16398
34163
34185
33192
34182
33202
35181
33267
33269
34154
25764
33211
33266
34132
34157
33237
25733
81814
58342
35156
33265
34141
35153
33273
33292
35183
33300
35158
34184
58357
34183
33222
25743
34153
58326
33218
25739
16399
33187
25750
16403
25732
25736
16433
33256
81816
33178
16426
34150
16417
33224
33188
34161
33226
33214
33236
33282
33288
16405
33201
58356
35174
25762
33189
25740
35182
34155
33230
25747
58344
33203
34164
58327
25749
Window 1
16419
33275
33228
34174
33205
16429
58333
33258
34130
58343
33239
34192
16416
16430
33290
33199
34175
34134
16401
33233
33245
33238
58352
34178
25767
33279
25760
34135
25735
33216
33303
33195
34137
25738
16402
16404
25748
35180
34172
34156
16434
33297
35155
35179
33229
33243
33270
33179
16397
34162
58361
58362
33280
33260
33217
25763
33293
34188
35160
33287
25752
58349
33264
33283
34171
25728
25731
33227
33262
33306
33220
33191
33294
33204
34186
34179
34149
25765
33289
58353
25758
33254
34170
34146
58345
33301
34151
33180
25744
33295
33221
33261
34152
81815
16422
33215
33197
58341
16406
34180
58350
33302
58330
16423
33232
58351
33242
34167
34159
16410
33210
34148
34142
33285
33244
33252
34129
35178
58360
33276
34128
16408
33176
25751
25761
33235
33249
25755
25759
33219
33231
39236
34168
35157
58347
33248
34131
16412
34145
58363
33174
33257
34126
34173
33286
35159
35177
25757
33240
34144
39235
33225
34138
25768
34136
34177
16396
33272
34147
34176
16420
25730
33209
16400
58340
35154
58348
34191
16431
16428
34158
58359
33277
33251
16424
35176
35172
33259
33198
16413
16427
33241
33263
16411
34166
35175
33193
16432
25745
16407
16415
33208
58332
16425
35161
25727
33278
33247
25753
25729
25737
34160
33304
39237
25754
33196
34140
34143
34127
33177
33190
34139
33213
58331
58325
25756
33307
58338
33299
58354
25734
33253
33298
58335
58336
33206
34133
58337
58358
33305
16409
58355
16418
33212
34125
33271
34187
33255
33223
25742
35184
33291
33284
33268
58328
34189
25741
25746
33250
81817
33296
16421
34169
58334
33200
33281
58329
58346
33246
34165
25766
33274
81813
16414
33207
33194
33175
33234
34190
35173
58339
34181
16398
34163
33181
34185
33192
34182
33202
35181
33267
33269
34154
25764
33211
33266
34132
34157
33237
25733
81814
58342
35156
33265
34141
35153
33273
33292
35183
33300
35158
34184
33182
58357
34183
33222
25743
34153
58326
33218
25739
16399
25750
16403
25732
25736
16433
33256
81816
33178
16426
34150
16417
33224
34161
33226
33214
33236
33282
33288
16405
33201
58356
35174
25762
25740
35182
34155
33230
25747
58344
33203
34164
58327
25749
Window 2
16419
33275
33228
34174
33205
16429
58333
33258
34130
58343
33239
34192
16416
16430
33290
33199
34175
34134
16401
33233
33245
33238
58352
34178
25767
33279
25760
34135
25735
33216
33303
33195
34137
25738
16402
16404
25748
35180
34172
34156
16434
33297
35155
35179
33229
33243
33270
33179
16397
34162
58361
58362
33280
33260
33217
25763
33293
34188
35160
33287
25752
58349
33264
33283
34171
25728
25731
33227
33262
33306
33220
33191
33294
33204
34186
34179
34149
25765
33289
58353
25758
33254
34170
34146
58345
33301
34151
33180
25744
33295
33221
33261
34152
81815
16422
33215
33197
58341
16406
34180
58350
33302
58330
16423
33232
58351
33242
34167
34159
16410
33210
34148
34142
33285
33244
33252
34129
35178
58360
33276
34128
16408
33176
25751
25761
33235
33249
25755
25759
33219
33231
39236
34168
35157
58347
33248
34131
16412
34145
58363
33174
33257
34126
34173
33286
35159
35177
25757
33240
34144
39235
33225
34138
25768
34136
34177
16396
33272
34147
34176
16420
25730
33209
16400
58340
35154
58348
34191
16431
16428
34158
58359
33277
33251
16424
35176
35172
33259
33198
16413
16427
33241
33263
16411
34166
35175
33193
16432
25745
16407
16415
33208
58332
16425
35161
25727
33278
33247
25753
25729
25737
34160
33304
39237
25754
33196
34140
34143
34127
33177
33190
34139
33213
58331
58325
25756
33307
58338
33299
58354
25734
33253
33298
58335
58336
33206
34133
58337
58358
33305
16409
58355
16418
33212
34125
33271
34187
33255
33223
25742
35184
33291
33284
33268
58328
34189
25741
25746
33250
81817
33296
16421
34169
58334
33200
33281
58329
58346
33246
34165
25766
33274
81813
16414
33207
33194
33175
33234
34190
35173
58339
34181
16398
34163
33181
34185
33192
34182
33202
35181
33267
33269
34154
25764
33211
33266
34132
34157
33237
25733
81814
58342
35156
33265
34141
35153
33273
33292
35183
33300
35158
34184
33182
58357
34183
33222
25743
34153
58326
33218
25739
16399
25750
16403
25732
25736
16433
33256
81816
33178
16426
34150
16417
33224
34161
33226
33214
33236
33282
33288
16405
33201
58356
35174
25762
25740
35182
34155
33230
25747
58344
33203
34164
58327
25749
Window 3
16419
33275
33228
34174
33205
16429
58333
33258
34130
58343
33239
34192
16416
16430
33290
33199
34175
34134
16401
33233
33245
33238
58352
34178
25767
33279
25760
34135
25735
33216
33303
33195
34137
25738
16402
16404
25748
35180
34172
34156
16434
33297
35155
35179
33229
33243
33270
33179
16397
34162
58361
58362
33280
33260
33217
25763
33293
34188
35160
33287
25752
58349
33264
33283
34171
25728
25731
33227
33262
33306
33220
33191
33294
33204
34186
34179
34149
25765
33289
58353
25758
33254
34170
34146
58345
33301
34151
33180
25744
33295
33221
33261
34152
81815
16422
33215
33197
58341
16406
34180
58350
33302
58330
16423
33232
58351
33242
34167
34159
16395
16410
33210
34148
34142
33285
33244
33252
34129
35178
58360
33276
34128
16408
33176
25751
25761
33235
33249
25755
25759
33219
33231
39236
34168
35157
58347
33248
34131
16412
34145
58363
33174
33257
34126
34173
33286
35159
35177
25757
33240
34144
39235
33225
34138
25768
34136
34177
16396
33272
34147
34176
16420
25730
33209
16400
58340
35154
58348
34191
16431
16428
34158
58359
33277
33251
16424
35176
35172
33259
33198
16413
16427
33241
33263
16411
34166
35175
33193
16432
25745
16407
16415
33208
58332
16425
35161
25727
33278
33247
25753
25729
25737
34160
33304
39237
25754
33196
34140
34143
34127
33177
33190
34139
33213
58331
58325
25756
33307
58338
33299
58354
25734
33253
33298
58335
58336
33206
34133
58337
58358
33305
16409
58355
16418
33212
34125
33271
34187
33255
33223
25742
35184
33291
33284
33268
58328
34189
25741
25746
33250
81817
33296
16421
34169
58334
33200
33281
58329
58346
33246
34165
25766
33274
81813
16414
33207
33194
33175
33234
34190
35173
58339
34181
16398
34163
33181
34185
33192
34182
33202
35181
33267
33269
34154
25764
33211
33266
34132
34157
33237
25733
81814
58342
35156
33265
34141
35153
33273
33292
35183
33300
35158
34184
33182
58357
34183
33222
25743
34153
58326
33218
25739
16399
25750
16403
25732
25736
16433
33256
81816
33178
16426
34150
16417
33224
34161
33226
33214
33236
33282
33288
16405
33201
58356
35174
25762
25740
35182
25726
34155
33230
25747
58344
33203
34164
58327
25749
Window 4
33275
33228
34174
33205
58333
33258
34130
58343
33239
34192
33290
33199
34175
34134
33233
33245
33238
58352
34178
25767
33279
25760
34135
25735
33216
33303
33195
34137
25738
25748
35180
34172
34156
33297
35155
35179
33229
33243
33270
33179
34162
58361
58362
33280
33260
33217
25763
33293
34188
35160
33287
25752
58349
33264
33283
34171
25728
25731
33227
33262
33306
33220
33191
33294
33204
34186
34179
34149
25765
33289
58353
25758
33254
34170
34146
58345
33301
34151
33180
25744
33295
33221
33261
34152
81815
33215
33197
58341
34180
58350
33302
58330
33232
58351
33242
34167
34159
33210
34148
34142
33285
33244
33252
34129
35178
58360
33276
34128
33176
25751
25761
33235
33249
25755
25759
33219
33231
39236
34168
35157
58347
33248
34131
34145
58363
33174
33257
34126
34173
33286
35159
35177
25757
33240
34144
39235
33225
34138
25768
34136
34177
33272
34147
34176
25730
33209
58340
35154
58348
34191
34158
58359
33277
33251
35176
35172
33259
33198
33241
33263
34166
35175
33193
25745
33208
58332
35161
25727
33278
33247
25753
25729
25737
34160
33304
39237
25754
33196
34140
34143
34127
33177
33190
34139
33213
58331
58325
25756
33307
58338
33299
58354
25734
33253
33298
58335
58336
33206
34133
58337
58358
33305
58355
33212
34125
33271
34187
33255
33223
25742
35184
33291
33284
33268
58328
34189
25741
25746
33250
81817
33296
34169
58334
33200
33281
58329
58346
33246
34165
25766
33274
81813
33207
33194
33175
33234
34190
35173
58339
34181
34163
33181
34185
33192
34182
33202
35181
33267
33269
34154
25764
33211
33266
34132
34157
33237
25733
81814
58342
35156
33265
34141
35153
33273
33292
35183
33300
35158
34184
33182
58357
34183
33222
25743
34153
58326
33218
25739
25750
25732
25736
33256
81816
33178
34150
33224
34161
33226
33214
33236
33282
33288
33201
58356
35174
25762
25740
35182
25726
34155
33230
25747
58344
33203
34164
58327
25749
Window 5
33275
33228
34174
33205
58333
33258
34130
58343
33239
34192
33290
33199
34175
34134
35171
33233
33245
33238
58352
34178
25767
33279
25760
34135
25735
33216
33303
33195
34137
25738
25748
35180
34172
34156
33297
35155
35179
33229
33243
33270
33179
34162
58361
58362
33280
33260
33217
25763
33293
34188
35160
33287
25752
58349
33264
33283
34171
25728
25731
33227
33262
33306
33220
33191
33294
33204
34186
34179
34149
25765
33289
58353
25758
33254
34170
34146
58345
33301
34151
33180
25744
33295
33221
35165
33261
34152
81815
33215
33197
58341
34180
58350
33302
58330
33232
58351
33242
34167
34159
33210
34148
34142
33285
33244
33252
34129
35178
58360
33276
34128
33176
25751
25761
33235
33249
25755
25759
33219
33231
39236
35162
34168
35157
58347
33248
34131
34145
58363
84118
35163
33174
33257
34126
34173
33286
35159
35177
35166
25757
33240
34144
39235
33225
34138
25768
34136
34177
33272
34147
34176
25730
33209
58340
35154
58348
34191
34158
58359
33277
33251
35176
35172
33259
33198
33241
33263
34166
35175
33193
25745
33208
58332
35161
35168
25727
33278
35169
33247
25753
25729
25737
34160
33304
39237
25754
33196
34140
34143
34127
33177
33190
34139
33213
58331
58325
25756
33307
58338
33299
58354
25734
33253
33298
58335
58336
33206
34133
35167
58337
58358
33305
58355
33212
34125
33271
34187
33255
33223
25742
35184
33291
33284
33268
58328
34189
35170
25741
25746
33250
81817
33296
34169
58334
33200
33281
58329
58346
33246
34165
25766
33274
81813
33207
33194
33175
33234
34190
35173
58339
34181
34163
33181
34185
35164
33192
34182
33202
35181
33267
33269
34154
25764
33211
33266
34132
34157
33237
25733
81814
58342
35156
33265
34141
35153
33273
33292
35183
33300
35158
34184
33182
58357
34183
33222
25743
34153
58326
33218
25739
25750
25732
25736
33256
81816
33178
34150
33224
34161
33226
33214
33236
33282
33288
33201
58356
35174
25762
25740
35182
25726
34155
33230
25747
58344
33203
34164
58327
25749
Window 6
33275
58377
33228
34174
33205
58369
58333
33258
34130
58343
33239
34192
33290
33199
34175
34134
35171
33233
33245
33238
58352
34178
33279
34135
33216
33303
33195
34137
35180
34172
34156
58374
33297
35155
35179
33229
33243
33270
33179
34162
58361
58362
129922
33280
33260
33217
36802
33293
34188
35160
33287
58349
129920
33264
33283
34171
33227
33262
33306
33220
33191
33294
58380
33204
34186
34179
58371
34149
33289
58353
33254
34170
34146
129927
58345
33301
34151
33180
33295
33221
35165
58376
33261
34152
81815
58368
33215
36803
58373
33197
58341
34180
58350
33302
58330
33232
58351
33242
34167
34159
33210
34148
34142
33285
33244
33252
34129
35178
58360
33276
34128
33176
58366
33235
33249
33219
33231
39236
35162
34168
35157
58347
33248
34131
34145
58363
84118
35163
33257
34126
34173
58379
33286
58324
35159
35177
35166
33240
34144
39235
33225
34138
34136
34177
33272
34147
34176
33209
58372
58340
35154
58348
129923
34191
34158
58359
33277
33251
35176
35172
33259
33198
77539
33241
33263
34166
35175
129924
33193
58364
77540
33208
58332
35161
35168
58365
33278
35169
33247
34160
33304
39237
129921
33196
34140
34143
34127
33177
33190
34139
33213
58331
58325
58323
33307
58338
33299
58354
58378
33253
33298
58335
58336
33206
34133
35167
58370
58337
58358
33305
58355
33212
34125
33271
34187
33255
33223
35184
33291
33284
33268
58367
58328
34189
35170
33250
81817
33296
34169
58334
33200
33281
58329
58346
33246
34165
33274
81813
129926
33207
33194
33175
33234
34190
35173
129928
58339
34181
34163
33181
34185
35164
33192
34182
33202
35181
33267
33269
34154
33211
33266
34132
34157
33237
81814
58342
35156
33265
34141
35153
33273
33292
35183
33300
35158
34184
33182
58357
34183
129925
33222
34153
58326
33218
36801
33256
81816
33178
34150
33224
58375
34161
33226
33214
33236
33282
33288
33201
58356
35174
35182
34155
33230
58344
33203
34164
58327
Window 7
58377
58369
58333
58343
35171
58352
35180
58374
35155
35179
58361
58362
129922
36802
35160
58349
129920
58380
58371
58353
58345
35165
58376
81815
58368
36803
58373
58341
58350
58330
58351
35178
58360
58366
39236
35162
35157
58347
58363
84118
35163
58379
58324
35159
35177
35166
39235
58372
58340
35154
58348
129923
58359
35176
35172
77539
35175
129924
58364
77540
58332
35161
35168
58365
35169
39237
129921
58331
58325
58323
58338
58354
58378
58335
58336
35167
58370
58337
58358
58355
35184
58367
58328
35170
81817
58334
58329
58346
81813
35173
58339
35164
35181
81814
58342
35156
35153
35183
35158
58357
58326
36801
81816
58375
58356
35174
35182
58344
58327
Window 8
58377
58369
58333
58343
58352
58374
58361
58362
129922
58349
129920
58380
58371
58353
58345
58376
81815
58368
58373
58341
58350
58330
58351
58360
58366
58347
58363
84118
58379
58324
58372
58340
58348
129923
58359
77539
129924
58364
77540
58332
58365
129921
58331
58325
58323
58338
58354
58378
58335
58336
58370
58337
58358
58355
58367
58328
81817
58334
58329
58346
81813
58339
81814
58342
58357
58326
81816
58375
58356
58344
58327
Window 9
58377
58369
58333
58343
58352
58374
58361
58362
129922
58349
129920
58380
58371
58353
58345
58322
58376
81815
58368
58373
58341
58350
58330
58351
58360
58366
58347
58363
84118
58379
58324
58372
58340
58348
129923
58359
77539
129924
58364
77540
58332
58365
129921
58331
58325
58323
58338
58354
58378
58335
58336
58370
58337
58358
58355
58367
58328
81817
58334
58329
58346
58321
81813
58339
81814
58342
58357
58326
81816
58375
58356
58344
58327
