Window 0
85237
757
46155
81697
59519
62449
52265
72182
63177
88002
22319
14610
31833
17440
75402
12063
96557
80196
34292
17451
56038
69823
26415
22814
41644
32930
14694
25853
21291
36149
1071
97346
84014
79977
97743
13189
8325
4299
91402
81008
86747
26580
27582
51939
25683
50283
69145
21980
2112
2103
54510
20617
94589
41968
42149
22638
57804
50879
17277
66471
55756
44391
45077
45454
91131
60670
12924
49824
82207
43298
21628
43982
11400
79386
6018
33253
90047
3679
56005
23452
54686
72715
79194
77219
70047
18791
68025
78326
69561
52182
28577
4289
19217
10169
2827
22061
54674
47405
17611
37072
54155
4692
16378
37134
63885
82433
6297
86212
32832
18817
59424
12567
13971
46193
43230
51145
66582
82006
57138
24400
57540
3486
88981
72895
11200
73622
96183
75952
65851
60215
72505
73730
20685
47141
93617
3844
31362
49596
78076
16349
11712
89495
35378
81552
26600
92852
16251
49387
32968
55351
3953
78825
42240
9045
8130
89801
82554
47123
55327
94783
21371
89380
83061
10195
72308
42159
9089
64373
90566
77695
93121
96615
18155
55768
12591
27780
2209
53462
47957
50317
27562
63751
91780
68041
22588
16074
55982
13144
73817
3908
74593
13358
71547
45079
99458
9796
79630
69224
56846
53912
89189
24056
1365
54990
85354
4318
50244
79217
83716
19146
49074
51393
75757
31533
28307
63657
17843
28354
7588
82883
46134
28515
39279
79040
60869
11837
77810
30313
92456
64688
46962
22984
83894
5792
91276
83195
58925
10899
839
71606
16910
86759
16997
21068
70680
53618
83330
77237
74334
35043
22967
41646
72382
13505
35921
13184
88448
288
67409
26347
797
58977
76154
36573
51825
41871
68522
63526
29147
56239
94493
27021
86055
69850
20335
23583
27144
6866
27900
63293
20551
49086
84532
1307
29278
60601
46327
14152
98808
86842
36080
22358
76
22737
77075
2203
5729
31880
13078
59622
66491
59685
73405
77649
62723
19265
48275
68117
76746
27177
21888
4825
7086
56792
98428
54064
28989
95582
13396
45914
74859
4968
7493
82177
31127
5099
69197
27940
91432
83806
43822
57815
41239
9808
26361
20828
16751
96371
80387
74913
91027
3801
58056
14162
79369
33526
82756
98325
60910
69585
49434
21354
5695
26188
65816
40904
70788
95902
4957
76523
21670
47599
34235
31922
87171
34177
69175
7930
37005
83006
32872
31235
20705
2871
32440
51416
56248
17458
3709
8191
58617
40735
960
35344
6533
68672
79963
54027
64545
34439
39181
58762
454
54088
23161
20091
6366
36401
57887
49112
5543
89503
54958
86450
18207
22682
72223
88886
96599
59004
94238
6770
45591
49955
44199
77969
47653
28454
67846
49980
76673
1648
48843
29370
64307
98646
62944
48624
4198
1241
52320
36757
42717
33162
78069
45006
44339
7111
60689
22916
97667
91669
37404
28605
99828
13914
81371
11464
35233
30112
70025
51905
63591
16320
80439
88408
74574
10713
47778
50860
48975
32995
64667
42946
7671
59393
33281
37131
94188
26448
52083
8833
49063
38667
35171
10508
51663
6348
37547
51893
72583
30074
66114
98157
5977
30181
51387
81104
47687
55848
36695
90372
10607
67231
26884
61561
28332
43415
83798
25508
83377
63547
52752
33014
10075
81545
93801
19672
43555
10517
54075
25699
1570
23226
26718
1038
51701
85899
49457
51463
16039
39313
831
25706
51433
5597
91138
56720
32461
49700
62038
23203
34357
84459
87427
90201
35577
32812
30526
48565
53969
75853
28782
24214
59452
54701
40065
63070
56405
76848
19249
9710
47990
26836
77777
74072
28480
79575
7038
21747
67657
51521
99796
7707
23715
47586
83053
23831
20610
88684
58894
94096
69812
55304
50858
67570
93486
58773
62467
42327
49711
17661
8738
40628
63907
98057
21713
70642
78135
94911
74278
10343
53951
53346
40723
84328
58670
35401
7683
72523
11933
45492
41061
8813
87130
98024
40152
18337
17833
78653
50911
10115
13460
23928
71677
71197
88405
1924
22180
76218
45362
76766
88049
16258
5223
18622
87807
2804
63984
23429
62713
74310
8006
10759
69912
88214
2101
71327
79461
89096
4626
95859
69605
45433
19336
62450
49713
88109
71871
1492
76010
2061
47206
66444
40790
43134
28359
2400
43393
97169
1938
51422
75467
64840
37324
61446
55199
39952
75273
37152
11660
68692
63142
3843
3164
16707
24236
37168
25367
13770
42937
60373
88083
94503
66131
80722
11252
11762
983
30029
97871
78475
45227
12136
38283
66228
12997
59503
38282
21094
20284
53386
35470
58012
54373
86735
51205
59451
98568
46700
2230
98721
66686
5451
63352
12321
6000
15179
46711
83733
89633
89103
24600
3634
86053
72941
77504
98565
38017
1876
14242
44881
3289
6322
26489
59263
35733
58948
17646
56504
88545
66170
81440
77142
58194
60509
52344
17215
84477
68949
5085
1534
53626
30598
53296
70164
51946
98827
95814
79149
23663
65803
20969
81365
43264
61723
86491
39892
42917
76903
58827
83399
69958
3665
31783
35998
63997
36061
26679
37250
95149
71867
25208
56090
76811
47834
48773
92010
69157
47501
16620
28757
67179
81524
24419
57166
54739
27372
93173
83653
58648
27158
6567
72022
Window 1
85237
46155
102249
81697
59519
62449
52265
72182
63177
88002
22319
14610
31833
17440
75402
12063
96557
80196
103642
34292
17451
56038
69823
26415
22814
41644
32930
14694
25853
21291
36149
97346
84014
79977
100319
97743
13189
8325
91402
103082
81008
86747
26580
27582
51939
25683
50283
69145
21980
54510
20617
94589
41968
42149
22638
57804
50879
17277
66471
55756
44391
45077
45454
91131
60670
12924
49824
82207
43298
21628
43982
11400
79386
6018
33253
90047
56005
23452
54686
72715
79194
77219
70047
18791
68025
78326
69561
52182
28577
19217
10169
22061
54674
47405
102421
17611
37072
54155
16378
37134
63885
82433
6297
86212
32832
18817
59424
12567
104023
13971
46193
43230
103356
51145
66582
82006
57138
24400
57540
88981
72895
11200
73622
96183
75952
65851
60215
72505
73730
100288
20685
47141
93617
31362
49596
78076
16349
100963
11712
89495
35378
81552
100706
26600
92852
16251
49387
32968
55351
78825
42240
9045
8130
89801
82554
47123
55327
94783
21371
89380
83061
10195
72308
42159
9089
64373
90566
77695
93121
96615
18155
55768
12591
27780
53462
47957
50317
27562
63751
91780
68041
22588
16074
55982
13144
73817
74593
13358
71547
45079
99458
9796
79630
69224
56846
53912
89189
24056
54990
85354
50244
79217
83716
19146
49074
51393
75757
31533
28307
63657
17843
28354
7588
82883
46134
28515
39279
79040
60869
11837
77810
30313
92456
64688
46962
22984
83894
7294
5792
91276
83195
58925
10899
71606
86759
16997
21068
70680
53618
77237
74334
35043
22967
41646
72382
13505
104162
35921
13184
88448
67409
26347
58977
76154
36573
100123
51825
41871
68522
63526
29147
56239
94493
27021
86055
69850
20335
23583
27144
27900
63293
20551
49086
84532
29278
60601
46327
14152
98808
86842
102562
36080
22358
103784
22737
77075
103264
5729
31880
13078
59622
66491
59685
73405
77649
62723
19265
48275
68117
76746
27177
21888
7086
56792
98428
101385
54064
28989
95582
13396
45914
74859
7493
82177
31127
5099
69197
27940
91432
83806
43822
57815
41239
9808
26361
20828
16751
96371
80387
74913
91027
58056
14162
79369
33526
82756
98325
60910
69585
49434
102809
21354
5695
26188
65816
40904
100163
70788
95902
76523
21670
47599
34235
31922
87171
34177
69175
7930
37005
83006
32872
31235
20705
32440
51416
56248
17458
8191
58617
40735
35344
6533
68672
79963
54027
64545
34439
39181
58762
54088
23161
20091
6366
36401
57887
49112
5543
89503
54958
86450
18207
22682
72223
88886
96599
59004
94238
6770
45591
49955
44199
77969
47653
28454
67846
49980
76673
48843
29370
64307
98646
62944
48624
52320
36757
42717
33162
78069
45006
44339
7111
60689
22916
97667
91669
37404
28605
104957
99828
13914
81371
11464
35233
30112
70025
104159
51905
63591
16320
80439
88408
74574
10713
47778
50860
48975
32995
64667
42946
7671
59393
103886
33281
37131
94188
26448
52083
8833
49063
104065
38667
35171
10508
51663
6348
37547
51893
72583
30074
66114
98157
5977
30181
51387
81104
47687
55848
36695
90372
10607
67231
26884
61561
28332
43415
83798
25508
83377
63547
52752
33014
10075
81545
93801
19672
43555
104484
10517
54075
25699
23226
26718
51701
85899
49457
51463
16039
39313
102784
25706
51433
5597
91138
56720
32461
49700
62038
23203
34357
84459
87427
90201
35577
32812
30526
48565
53969
28782
24214
59452
54701
40065
63070
100463
56405
76848
19249
9710
47990
53032
26836
77777
74072
28480
79575
7038
21747
67657
51521
99796
7707
23715
47586
83053
23831
20610
88684
58894
94096
69812
55304
50858
67570
93486
103299
58773
62467
42327
49711
17661
8738
40628
63907
103940
21713
70642
78135
94911
101849
74278
10343
53951
53346
100105
40723
84328
58670
35401
7683
72523
11933
45492
41061
8813
87130
98024
40152
18337
17833
78653
50911
10115
13460
23928
71677
71197
88405
22180
76218
45362
76766
88049
16258
5223
18622
87807
101272
63984
23429
62713
74310
8006
10759
102133
69912
88214
71327
79461
100281
89096
95859
69605
45433
19336
62450
49713
88109
71871
76010
47206
66444
40790
43134
28359
43393
97169
51422
75467
64840
37324
100331
61446
55199
39952
75273
37152
11660
68692
63142
104674
16707
24236
37168
25367
13770
42937
60373
88083
94503
66131
80722
11252
11544
11762
30029
97871
78475
45227
12136
38283
66228
12997
59503
38282
21094
20284
101396
53386
35470
58012
54373
104405
86735
51205
59451
98568
46700
98721
66686
5451
63352
12321
6000
15179
46711
83733
103987
89633
89103
24600
86053
72941
77504
98565
38017
14242
44881
6322
26489
59263
35733
58948
17646
56504
88545
66170
81440
77142
58194
60509
52344
17215
84477
68949
5085
53626
30598
53296
70164
51946
98827
95814
79149
23663
65803
20969
81365
61723
86491
62547
42917
76903
58827
83399
69958
31783
35998
104579
63997
103541
36061
26679
37250
95149
71867
25208
56090
76811
47834
48773
100669
92010
69157
47501
16620
28757
67179
81524
24419
57166
54739
27372
93173
83653
58648
27158
6567
72022
Window 2
85237
46155
102249
81697
59519
62449
106367
52265
72182
63177
88002
22319
14610
31833
17440
75402
12063
96557
80196
103642
34292
17451
56038
69823
26415
22814
41644
32930
14694
25853
21291
36149
97346
84014
79977
100319
97743
13189
108021
91402
103082
81008
86747
26580
27582
51939
25683
50283
69145
21980
54510
20617
94589
41968
42149
22638
57804
50879
17277
66471
55756
44391
45077
45454
91131
60670
12924
49824
82207
43298
21628
43982
11400
79386
33253
90047
56005
23452
54686
72715
79194
77219
70047
32844
18791
68025
78326
69561
52182
31327
28577
19217
10169
22061
54674
47405
102421
17611
37072
54155
16378
37134
63885
82433
86212
32832
18817
59424
12567
104023
108999
13971
46193
43230
103356
51145
66582
82006
57138
24400
57540
88981
107589
72895
11200
73622
96183
75952
65851
60215
72505
73730
100288
20685
47141
93617
31362
49596
78076
105701
16349
100963
11712
89495
107342
35378
81552
100706
26600
92852
16251
49387
32968
55351
78825
42240
89801
82554
47123
55327
94783
21371
89380
83061
10195
109871
72308
42159
64373
90566
77695
93121
96615
18155
55768
12591
27780
53462
47957
50317
27562
63751
91780
68041
106032
22588
16074
55982
13144
73817
74593
75459
106333
13358
71547
45079
99458
79630
69224
56846
53912
89189
24056
54990
85354
50244
79217
83716
19146
25163
49074
51393
91268
75757
31533
28307
63657
17843
28354
82883
46134
28515
39279
79040
60869
11837
77810
30313
92456
64688
46962
22984
83894
33480
91276
83195
58925
10899
71606
16910
86759
16997
21068
70680
53618
83330
77237
74334
35043
22967
41646
109373
72382
13505
104162
35921
13184
88448
105823
67409
26347
58977
76154
36573
100123
51825
41871
68522
63526
29147
56239
94493
27021
86055
69850
20335
23583
27144
27900
63293
20551
49086
84532
29278
60601
46327
14152
98808
86842
102562
70757
36080
22358
106932
103784
22737
77075
103264
108522
31880
13078
59622
66491
59685
73405
77649
62723
19265
48275
68117
76746
27177
21888
56792
98428
47422
101385
54064
28989
95582
13396
45914
74859
17328
82177
31127
69197
27940
91432
83806
43822
57815
41239
26361
20828
16751
96371
80387
74913
91027
58056
14162
79369
33526
82756
98325
60910
108015
69585
49434
102809
21354
26188
65816
40904
100163
70788
95902
76523
21670
47599
34235
80913
31922
87171
34177
69175
37005
83006
32872
31235
20705
32440
51416
56248
17458
106595
58617
40735
35344
68672
79963
54027
64545
95199
34439
39181
58762
54088
23161
20091
36401
57887
49112
89503
54958
86450
18207
22682
72223
88886
96599
59004
94238
45591
49955
44199
77969
47653
28454
67846
49980
76673
48843
29370
64307
98646
62944
48624
52320
36757
42717
33162
78069
45006
44339
60689
22916
97667
91669
37404
28605
104957
99828
13914
81371
11464
35233
30112
70025
104159
95413
51905
63591
16320
80439
88408
74574
10713
47778
50860
48975
32995
64667
42946
59393
103886
33281
37131
94188
26448
52083
49063
104065
38667
35171
10508
51663
37547
51893
109109
72583
30074
66114
98157
30181
51387
81104
47687
55848
36695
90372
10607
67231
26884
61561
28332
43415
83798
25508
83377
106428
63547
107644
52752
33014
10075
81545
93801
19672
43555
104484
10517
54075
25699
23226
106181
26718
51701
85899
49457
51463
16039
109810
39313
102784
25706
51433
109543
91138
56720
32461
49700
62038
23203
34357
84459
87427
90201
35577
32812
30526
48565
53969
75853
28782
24214
59452
54701
40065
25185
63070
100463
56405
76848
19249
109410
47990
56258
53032
26836
77777
74072
28480
79575
21747
76196
67657
51521
99796
23715
106398
108955
47586
83053
23831
20610
88684
58894
94096
69812
55304
50858
67570
93486
103299
58773
62467
42327
49711
17661
40628
63907
103940
109521
98057
21713
70642
78135
94911
101849
74278
10343
53951
53346
100105
40723
84328
58670
35401
72523
11933
45492
41061
87130
98024
40152
18337
17833
78653
50911
10115
13460
23928
71677
71197
88405
22180
76218
45362
105594
108347
76766
88049
16258
18622
87807
101272
63984
23429
62713
74310
90755
10759
102133
69912
88214
71327
79461
100281
89096
108858
95859
69605
45433
19336
62450
49713
88109
71489
71871
76010
47206
66444
40790
43134
28359
107880
43393
97169
51422
75467
64840
37324
100331
61446
55199
39952
75273
37152
11660
68692
63142
104674
16707
24236
37168
25367
105675
13770
42937
60373
88083
94503
66131
80722
44007
11252
11544
11762
30029
97871
78475
45227
12136
38283
66228
12997
59503
38282
21094
20284
101396
53386
35470
106097
58012
54373
104405
86735
51205
59451
98568
46700
108340
98721
66686
63352
12321
15179
46711
83733
103987
89633
89103
24600
107237
86053
72941
77504
98565
38017
14242
44881
109535
26489
59263
35733
58948
17646
56504
88545
66170
81440
77142
58194
60509
52344
17215
84477
68949
53626
30598
53296
70164
51946
98827
95814
79149
23663
65803
20969
81365
43264
46347
61723
86491
39892
62547
42917
76903
58827
83399
69958
31783
35998
104579
63997
103541
36061
26679
37250
95149
71867
25208
56090
76811
47834
48773
100669
92010
69157
47501
16620
28757
67179
72713
81524
24419
57166
54739
27372
93173
83653
58648
27158
72022
Window 3
85237
46155
102249
81697
59519
62449
106367
52265
72182
63177
88002
22319
47500
31833
17440
75402
96557
80196
103642
34292
17451
56038
69823
28801
26415
22814
41644
32930
25853
21291
36149
97346
84014
79977
100319
97743
108021
91402
103082
81008
86747
26580
27582
51939
25683
50283
69145
21980
113071
54510
20617
94589
41968
42149
22638
57804
50879
17277
66471
55756
44391
15694
45077
45454
91131
60670
49824
82207
43298
21628
43982
79386
33253
90047
56005
112235
23452
54686
72715
79194
77219
70047
32844
18791
68025
78326
69561
52182
28577
112171
19217
22061
54674
47405
102421
17611
37072
54155
16378
37134
63885
82433
86212
110499
32832
18817
59424
104023
108999
46193
43230
103356
51145
66582
82006
57138
24400
57540
88981
107589
72895
73622
96183
75952
65851
60215
72505
73730
100288
20685
47141
93617
31362
49596
78076
110802
105701
16349
100963
89495
107342
35378
81552
100706
26600
92852
16251
49387
32968
78825
42240
89801
82554
47123
55327
94783
21371
89380
83061
109871
72308
42159
64373
90566
77695
93121
96615
18155
55768
27780
53462
47957
50317
27562
63751
91780
68041
106032
22588
16074
55982
73817
74593
106333
71547
45079
99458
79630
69224
56846
53912
89189
24056
54990
85354
50244
79217
83716
19146
25163
49074
51393
91268
75757
31533
28307
63657
17843
28354
113601
82883
46134
28515
39279
79040
60869
110630
77810
30313
92456
64688
46962
22984
83894
33480
91276
58925
71606
16910
86759
16997
21068
70680
53618
77237
74334
35043
22967
41646
109373
72382
104162
35921
88448
105823
67409
26347
58977
76154
36573
100123
51825
41871
68522
63526
29147
56239
94493
27021
86055
69850
20335
23583
68351
27144
27900
63293
20551
49086
84532
29278
60601
46327
98808
86842
102562
70757
36080
22358
106932
103784
22737
77075
103264
108522
31880
59622
66491
59685
73405
77649
62723
19265
48275
68117
76746
27177
21888
56792
98428
47422
101385
54064
28989
95582
45914
74859
17328
110721
82177
113470
31127
111803
69197
27940
91432
83806
43822
57815
41239
26361
104823
20828
16751
96371
80387
74913
91027
58056
79369
33526
82756
98325
60910
108015
69585
49434
102809
21354
26188
65816
40904
100163
70788
95902
76523
21670
47599
34235
31922
87171
34177
69175
37005
83006
32872
31235
20705
32440
51416
56248
17458
106595
58617
40735
35344
68672
79963
54027
64545
95199
34439
39181
58762
111315
54088
23161
20091
36401
57887
49112
89503
54958
86450
18207
22682
72223
88886
96599
59004
94238
45591
49955
44199
77969
47653
28454
67846
49980
76673
112049
111749
48843
29370
64307
98646
110748
62944
48624
52320
36757
42717
33162
78069
45006
44339
60689
22916
97667
91669
37404
28605
104957
99828
81371
35233
30112
70025
104159
51905
63591
16320
80439
88408
74574
47778
50860
48975
32995
64667
42946
111828
59393
103886
33281
37131
94188
26448
111814
52083
49063
104065
38667
35171
51663
37547
51893
109109
72583
30074
66114
98157
30181
51387
81104
47687
55848
36695
90372
67231
26884
61561
28332
43415
83798
25508
83377
106428
63547
107644
52752
33014
81545
93801
19672
43555
104484
54075
25699
23226
106181
26718
51701
85899
49457
51463
16039
109810
39313
102784
25706
51433
109543
91138
56720
32461
49700
62038
23203
34357
84459
87427
90201
35577
32812
30526
48565
53969
75853
28782
24214
59452
54701
40065
25185
63070
100463
56405
76848
19249
109410
113677
47990
53032
26836
77777
74072
28480
79575
21747
113824
76196
67657
51521
99796
23715
110458
106398
108955
47586
83053
23831
20610
88684
58894
94096
69812
55304
50858
67570
93486
103299
58773
62467
113247
113777
42327
49711
17661
40628
63907
103940
109521
21713
112941
70642
78135
94911
101849
74278
53951
53346
100105
40723
84328
58670
35401
72523
45492
41061
87130
98024
40152
18337
17833
78653
50911
23928
71677
71197
88405
22180
76218
45362
105594
108347
76766
88049
16258
18622
87807
101272
63984
23429
110961
62713
74310
90755
102133
69912
88214
71327
79461
100281
89096
108858
95859
69605
45433
66503
19336
62450
49713
88109
113603
114195
71871
76010
47206
66444
40790
43134
28359
107880
43393
97169
51422
112580
75467
64840
37324
100331
61446
55199
39952
110405
75273
37152
68692
63142
104674
16707
24236
37168
25367
105675
42937
60373
88083
94503
66131
80722
30029
28077
97871
78475
110584
45227
38283
66228
59503
38282
47051
21094
20284
101396
53386
35470
106097
58012
54373
104405
86735
51205
59451
98568
46700
108340
98721
66686
63352
15179
46711
83733
103987
89633
89103
24600
107237
86053
72941
77504
98565
38017
44881
109535
26489
59263
35733
58948
83012
17646
56504
88545
66170
81440
77142
58194
60509
52344
17215
84477
68949
53626
30598
53296
70164
51946
98827
95814
79149
23663
65803
20969
81365
46347
61723
86491
39892
62547
42917
76903
113471
58827
83399
69958
17569
31783
35998
104579
63997
103541
36061
26679
37250
42202
95149
71867
25208
56090
76811
47834
48773
100669
92010
69157
47501
16620
112999
28757
67179
81524
24419
57166
54739
27372
93173
83653
58648
27158
72022
Window 4
85237
46155
102249
81697
59519
62449
115658
106367
52265
72182
63177
88002
22319
47500
31833
75402
96557
80196
103642
34292
119656
56038
69823
28801
26415
22814
41644
32930
25853
21291
36149
97346
84014
79977
100319
97743
115423
108021
91402
103082
81008
86747
26580
27582
51939
25683
50283
69145
21980
113071
54510
20617
94589
41968
60290
42149
22638
57804
50879
66471
55756
44391
45077
45454
91131
60670
49824
82207
43298
21628
43982
79386
33253
90047
56005
84239
112235
23452
54686
72715
79194
77219
70047
32844
68025
78326
69561
118649
52182
28577
112171
22061
54674
47405
102421
37072
54155
37134
63885
82433
86212
110499
32832
59424
92366
104023
108999
118350
46193
43230
103356
51145
66582
82006
57138
24400
57540
88981
107589
72895
73622
96183
75952
65851
60215
72505
73730
100288
20685
47141
93617
119660
31362
49596
78076
110802
105701
115473
100963
89495
107342
118355
35378
81552
100706
26600
92852
49387
32968
55351
74814
78825
42240
89801
82554
47123
55327
94783
21371
89380
83061
109871
72308
42159
64373
90566
77695
93121
96615
55768
27780
53462
47957
50317
27562
63751
91780
68041
117565
118544
106032
22588
55982
73817
74593
106333
71547
45079
99458
79630
69224
61779
56846
53912
89189
24056
54990
85354
50244
79217
83716
25163
49074
51393
91268
116739
75757
31533
28307
63657
28354
113601
82883
118182
46134
28515
39279
116966
79040
60869
110630
22109
77810
30313
92456
64688
46962
22984
83894
33480
116095
91276
83195
58925
71606
86759
21068
70680
53618
116195
83330
77237
74334
35043
22967
41646
109373
72382
104162
35921
88448
105823
67409
118098
26347
58977
76154
36573
100123
51825
41871
68522
63526
29147
56239
94493
27021
86055
69850
20335
23583
68351
27144
27900
38962
63293
20551
49086
84532
29278
60601
46327
98808
86842
102562
70757
36080
22358
106932
103784
22737
77075
103264
108522
31880
59622
66491
59685
73405
77649
62723
48275
68117
76746
27177
21888
56792
98428
47422
118543
101385
115360
54064
28989
95582
45914
26181
118400
110721
82177
113470
116489
31127
111803
69197
27940
91432
116684
119302
83806
43822
57815
41239
115147
26361
104823
20828
96371
80387
74913
91027
58056
79369
115810
33526
82756
98325
60910
108015
69585
49434
102809
21354
26188
65816
40904
100163
70788
95902
76523
21670
47599
116673
34235
31922
87171
34177
69175
37005
83006
32872
31235
20705
32440
51416
56248
58617
40735
35344
68672
79963
54027
62646
64545
95199
34439
39181
58762
111315
54088
119365
23161
20091
36401
57887
49112
116885
89503
54958
86450
22682
72223
88886
96599
59004
94238
115732
45591
49955
44199
77969
47653
28454
67846
49980
76673
112049
111749
48843
29370
64307
98646
110748
62944
48624
52320
36757
42717
33162
78069
45006
26721
117137
44339
60689
22916
97667
91669
37404
28605
104957
99828
81371
118357
35233
30112
70025
104159
51905
63591
80439
88408
74574
47778
50860
48975
32995
64667
42946
111828
59393
103886
33281
37131
94188
26448
111814
52083
49063
104065
38667
35171
51663
37547
51893
109109
72583
30074
66114
98157
30181
51387
81104
116457
47687
55848
36695
90372
67231
26884
61561
28332
43415
83798
25508
83377
106428
63547
107644
52752
33014
81545
93801
43555
104484
54075
25699
115792
23226
106181
26718
51701
85899
49457
51463
109810
39313
102784
25706
51433
109543
35403
91138
56720
32461
49700
62038
23203
34357
84459
87427
90201
35577
32812
30526
48565
53969
75853
28782
24214
59452
54701
40065
25185
63070
100463
56405
76848
109410
116529
113677
47990
53032
26836
77777
74072
28480
79575
21747
113824
76196
67657
51521
99796
23715
110458
106398
108955
47586
83053
23831
20610
88684
58894
115223
94096
69812
55304
50858
67570
93486
103299
58773
62467
113247
113777
42327
49711
40628
63907
103940
109521
98057
21713
112941
70642
78135
94911
101849
74278
53951
53346
100105
40723
84328
58670
35401
72523
117026
45492
41061
87130
98024
40152
78653
50911
23928
71677
71197
88405
22180
76218
45362
105594
108347
76766
117993
88049
87807
101272
63984
23429
110961
62713
74310
116907
90755
102133
69912
88214
71327
79461
100281
89096
108858
95859
69605
45433
66503
62450
49713
88109
113603
114195
71871
76010
47206
66444
40790
43134
28359
107880
43393
97169
51422
112580
117943
75467
64840
37324
100331
61446
55199
39952
110405
75273
37152
115844
68692
63142
104674
24236
37168
25367
105675
42937
60373
88083
94503
66131
80722
30029
28077
78475
110584
45227
38283
66228
59503
38282
47051
21094
20284
101396
53386
35470
106097
58012
54373
104405
86735
51205
59451
98568
46700
108340
98721
66686
63352
46711
83733
103987
89633
89103
24600
107237
86053
72941
77504
98565
38017
44881
109535
26489
59263
35733
58948
83012
56504
88545
66170
81440
77142
58194
60509
52344
84477
68949
53626
30598
53296
70164
51946
98827
95814
79149
39136
23663
65803
20969
81365
46347
61723
86491
62547
42917
76903
113471
58827
83399
69958
31783
35998
104579
63997
103541
36061
26679
37250
95149
71867
25208
56090
76811
47834
48773
100669
92010
69157
47501
119579
112999
28757
67179
81524
24419
57166
54739
27372
93173
83653
58648
27158
72022
Window 5
85237
46155
81697
59519
62449
115658
106367
52265
72182
121285
63177
88002
120382
75402
96557
80196
103642
123665
34292
56038
69823
26415
41644
32930
25853
36149
97346
84014
79977
100319
97743
115423
108021
91402
103082
81008
86747
26580
27582
51939
25683
50283
69145
123558
113071
54510
94589
41968
42149
57804
50879
66471
55756
44391
45077
45454
91131
60670
49824
82207
43298
43982
79386
122521
33253
90047
56005
112235
54686
121061
72715
79194
77219
70047
32844
123592
68025
78326
118649
52182
28577
112171
54674
47405
102421
121083
37072
54155
37134
63885
82433
86212
110499
32832
59424
104023
108999
118350
46193
103356
51145
82006
57138
57540
88981
107589
120715
72895
121791
73622
96183
75952
65851
60215
72505
73730
100288
47141
93617
49596
78076
110802
105701
115473
100963
89495
107342
118355
35378
81552
100706
26600
92852
32968
55351
78825
42240
89801
82554
47123
55327
94783
89380
83061
109871
72308
42159
121964
64373
90566
77695
93121
96615
55768
27780
53462
47957
50317
27562
124847
63751
91780
68041
120752
117565
118544
106032
55982
73817
123852
74593
106333
71547
45079
99458
79630
69224
56846
53912
89189
54990
85354
79217
83716
25163
49074
51393
91268
116739
75757
31533
28307
63657
28354
82883
118182
46134
28515
121538
39279
116966
79040
60869
110630
77810
30313
92456
64688
46962
83894
33480
116095
91276
83195
58925
71606
121681
86759
70680
53618
116195
77237
74334
35043
72382
104162
35921
88448
105823
67409
118098
26347
58977
76154
36573
100123
51825
41871
68522
63526
29147
56239
94493
27021
86055
69850
27144
27900
63293
49086
84532
29278
60601
46327
98808
120973
86842
102562
70757
36080
120368
106932
103784
77075
103264
108522
31880
59622
66491
59685
73405
77649
62723
48275
68117
76746
27177
56792
98428
47422
118543
101385
115360
54064
28989
95582
45914
118400
110721
82177
113470
116489
31127
69197
27940
91432
116684
83806
43822
57815
41239
115147
26361
96371
80387
74913
91027
58056
79369
115810
33526
82756
98325
60910
108015
69585
49434
102809
26188
65816
40904
100163
70788
95902
76523
122126
47599
116673
34235
31922
87171
34177
69175
37005
83006
32872
31235
32440
51416
56248
58617
40735
68672
79963
54027
120089
64545
95199
34439
58762
111315
54088
57887
49112
89503
54958
86450
72223
88886
96599
59004
94238
115732
45591
49955
123632
44199
77969
47653
28454
67846
49980
76673
112049
111749
48843
29370
64307
98646
110748
62944
48624
52320
36757
42717
33162
78069
45006
117137
44339
120301
60689
97667
91669
37404
28605
104957
99828
123349
81371
118357
35233
30112
70025
124183
104159
51905
63591
80439
88408
74574
47778
50860
48975
32995
64667
42946
111828
121496
59393
103886
33281
37131
94188
26448
111814
52083
49063
104065
38667
35171
51663
37547
51893
109109
72583
30074
66114
98157
30181
51387
81104
116457
47687
55848
36695
90372
67231
26884
61561
28332
43415
83798
25508
106428
63547
107644
52752
33014
81545
93801
43555
104484
123292
25699
115792
106181
26718
51701
85899
49457
51463
109810
39313
102784
25706
51433
123712
109543
35403
91138
56720
32461
49700
34357
124090
84459
87427
90201
35577
32812
30526
48565
53969
75853
28782
59452
54701
40065
63070
100463
56405
76848
109410
116529
113677
26836
77777
74072
28480
79575
113824
76196
67657
51521
99796
110458
106398
108955
47586
121933
83053
124499
88684
58894
115223
69812
55304
50858
67570
93486
103299
58773
62467
124801
113247
113777
42327
49711
40628
63907
103940
123934
123053
109521
112941
70642
78135
94911
101849
74278
53951
53346
100105
40723
84328
124974
58670
35401
124461
72523
117026
45492
41061
87130
98024
40152
78653
50911
71677
71197
88405
76218
45362
124897
105594
76766
117993
88049
87807
101272
63984
110961
62713
74310
116907
90755
102133
69912
88214
71327
79461
100281
89096
108858
95859
69605
45433
66503
62450
49713
88109
113603
114195
71871
76010
47206
66444
40790
43134
28359
107880
43393
97169
51422
112580
117943
75467
64840
37324
100331
61446
55199
39952
110405
75273
37152
115844
68692
63142
104674
37168
25367
105675
42937
60373
88083
94503
66131
80722
30029
28077
78475
110584
45227
38283
66228
59503
123543
38282
123442
101396
53386
35470
106097
58012
54373
104405
86735
51205
120364
59451
98568
46700
108340
98721
66686
63352
46711
83733
103987
89103
107237
72941
77504
98565
123395
38017
44881
121221
109535
26489
59263
35733
58948
56504
88545
66170
81440
77142
58194
60509
52344
84477
68949
53626
30598
53296
70164
51946
98827
95814
79149
39136
121088
65803
81365
46347
61723
86491
42917
76903
113471
58827
83399
69958
35998
104579
63997
103541
36061
26679
37250
123301
95149
71867
25208
124605
56090
76811
47834
48773
92010
69157
47501
119579
112999
28757
121396
67179
81524
57166
54739
27372
93173
83653
58648
27158
72022
Window 6
85237
46155
102249
81697
59519
62449
115658
106367
52265
72182
121285
63177
88002
120382
75402
96557
80196
103642
123665
34292
56038
69823
41644
32930
36149
97346
84014
79977
100319
126863
97743
115423
108021
91402
103082
81008
86747
51939
50283
69145
123558
113071
54510
94589
41968
42149
57804
50879
129138
66471
55756
44391
45077
127201
45454
91131
60670
49824
82207
43298
43982
79386
122521
33253
90047
56005
112235
54686
127023
121061
72715
79194
129900
77219
70047
32844
123592
68025
78326
69561
118649
52182
112171
54674
47405
102421
121083
37072
54155
37134
63885
129661
82433
86212
110499
32832
59424
104023
108999
118350
46193
103356
51145
82006
57138
129601
57540
88981
107589
120715
72895
121791
73622
96183
75952
65851
125483
60215
72505
73730
100288
47141
93617
128709
49596
78076
110802
126368
105701
115473
100963
89495
107342
118355
35378
81552
100706
125101
92852
32968
55351
78825
42240
89801
82554
47123
55327
94783
89380
83061
109871
72308
42159
121964
64373
90566
77695
93121
96615
55768
53462
47957
50317
124847
63751
91780
68041
120752
117565
118544
128391
106032
55982
73817
123852
74593
106333
71547
45079
99458
79630
69224
56846
53912
89189
54990
85354
50244
79217
83716
49074
51393
91268
116739
75757
31533
63657
113601
82883
118182
46134
121538
39279
116966
79040
60869
110630
77810
30313
92456
64688
46962
83894
33480
116095
91276
83195
58925
71606
121681
86759
70680
53618
116195
77237
74334
35043
41646
109373
72382
104162
126251
35921
88448
126770
105823
67409
118098
58977
76154
36573
100123
51825
41871
68522
63526
56239
94493
86055
69850
129591
63293
49086
84532
125111
125404
60601
46327
98808
120973
86842
102562
70757
36080
120368
126581
106932
127655
103784
77075
103264
108522
31880
59622
66491
59685
73405
77649
62723
48275
68117
76746
56792
98428
118543
101385
115360
54064
95582
45914
118400
110721
82177
113470
116489
31127
69197
91432
116684
83806
43822
57815
41239
115147
96371
80387
125231
74913
91027
126335
58056
79369
115810
33526
82756
98325
60910
108015
69585
49434
102809
65816
40904
100163
70788
95902
76523
122126
47599
116673
127619
34235
31922
87171
34177
69175
37005
83006
32872
31235
32440
51416
56248
58617
40735
68672
79963
54027
120089
64545
95199
34439
39181
58762
111315
54088
57887
49112
89503
54958
86450
72223
128488
88886
96599
59004
94238
115732
45591
49955
123632
44199
77969
47653
67846
49980
76673
112049
111749
48843
64307
98646
110748
62944
126643
48624
52320
36757
42717
33162
78069
45006
117137
44339
120301
60689
97667
91669
37404
104957
99828
123349
126630
81371
118357
35233
30112
70025
124183
104159
51905
63591
80439
88408
74574
47778
50860
48975
32995
64667
42946
111828
121496
59393
103886
33281
37131
94188
111814
52083
49063
104065
38667
35171
51663
37547
128449
51893
109109
72583
30074
66114
98157
30181
51387
81104
116457
47687
55848
36695
90372
67231
61561
43415
83798
125724
106428
63547
107644
52752
33014
81545
93801
43555
104484
123292
115792
106181
51701
85899
49457
51463
109810
39313
102784
51433
123712
109543
35403
91138
56720
32461
49700
34357
124090
84459
87427
90201
35577
32812
30526
48565
53969
128901
59452
129187
54701
40065
63070
100463
56405
76848
109410
116529
113677
77777
74072
79575
113824
76196
67657
51521
99796
110458
106398
108955
47586
121933
83053
124499
88684
58894
115223
69812
55304
50858
67570
93486
103299
58773
62467
124801
113247
113777
42327
49711
40628
63907
103940
123934
123053
109521
128014
112941
70642
78135
94911
101849
74278
53951
53346
100105
40723
84328
124974
58670
35401
124461
72523
117026
45492
41061
87130
98024
40152
78653
50911
128585
71677
71197
88405
76218
45362
124897
105594
76766
117993
88049
87807
101272
63984
110961
62713
74310
116907
90755
102133
69912
88214
71327
79461
100281
89096
108858
95859
69605
45433
66503
62450
49713
88109
113603
114195
71871
76010
128229
125368
47206
66444
40790
43134
107880
43393
97169
51422
112580
117943
75467
64840
37324
100331
61446
55199
39952
110405
75273
37152
115844
68692
63142
104674
37168
105675
42937
60373
88083
94503
66131
80722
30029
78475
110584
45227
38283
66228
59503
123543
38282
123442
101396
53386
35470
106097
58012
54373
104405
86735
51205
120364
59451
98568
46700
108340
98721
66686
63352
46711
83733
103987
89103
107237
72941
77504
98565
123395
38017
44881
121221
109535
59263
35733
58948
56504
88545
66170
127969
81440
77142
58194
60509
52344
84477
68949
53626
30598
53296
70164
51946
98827
95814
79149
39136
121088
65803
81365
46347
61723
86491
42917
76903
113471
58827
83399
69958
35998
104579
63997
103541
36061
37250
123301
95149
71867
124605
56090
76811
47834
48773
92010
69157
47501
119579
112999
125571
121396
67179
81524
57166
54739
93173
83653
58648
72022
Window 7
85237
46155
102249
81697
59519
62449
115658
106367
52265
72182
121285
63177
88002
120382
75402
96557
80196
103642
123665
119656
56038
69823
41644
36149
97346
84014
79977
100319
126863
97743
115423
108021
134736
91402
103082
81008
86747
51939
50283
69145
123558
113071
133158
54510
94589
41968
42149
57804
50879
129138
66471
55756
44391
45077
127201
45454
91131
60670
130289
49824
82207
43298
43982
79386
122521
132738
90047
56005
112235
54686
127023
121061
72715
79194
129900
77219
70047
123592
68025
78326
69561
118649
52182
112171
54674
47405
102421
121083
37072
54155
37134
63885
129661
82433
132961
86212
110499
125929
59424
104023
108999
118350
46193
43230
103356
51145
82006
57138
129601
57540
88981
107589
120715
72895
121791
73622
96183
75952
65851
125483
60215
72505
73730
100288
47141
93617
119660
128709
131641
49596
131035
78076
110802
126368
105701
115473
100963
89495
107342
118355
35378
81552
100706
125101
92852
55351
78825
42240
122578
89801
82554
47123
55327
94783
89380
83061
109871
72308
42159
121964
64373
90566
77695
93121
96615
55768
53462
47957
50317
124847
63751
91780
68041
120752
117565
118544
128391
106032
55982
131237
73817
123852
74593
75459
106333
71547
45079
99458
79630
69224
56846
53912
89189
54990
85354
50244
79217
83716
134922
49074
51393
91268
116739
75757
63657
113601
82883
118182
46134
121538
39279
116966
79040
60869
110630
77810
92456
64688
46962
83894
116095
91276
83195
134563
58925
71606
121681
86759
70680
53618
116195
83330
77237
74334
35043
41646
109373
72382
104162
126251
35921
88448
126770
105823
67409
118098
58977
76154
36573
100123
51825
41871
68522
63526
56239
94493
86055
69850
129591
131292
63293
49086
84532
125111
125404
60601
46327
98808
120973
86842
102562
70757
36080
120368
126581
106932
127655
103784
77075
103264
108522
59622
66491
59685
73405
77649
62723
48275
68117
76746
56792
98428
118543
101385
115360
54064
95582
45914
118400
110721
82177
113470
116489
69197
91432
116684
83806
43822
130550
57815
41239
115147
96371
80387
125231
74913
91027
126335
58056
79369
115810
82756
98325
60910
108015
69585
49434
102809
65816
40904
100163
70788
95902
76523
122126
47599
116673
127619
80913
87171
69175
37005
83006
132075
51416
56248
130411
58617
40735
68672
79963
54027
134857
120089
64545
95199
39181
58762
111315
54088
36401
57887
49112
89503
134491
54958
86450
72223
128488
88886
96599
59004
94238
115732
45591
132699
49955
123632
44199
77969
47653
67846
49980
76673
112049
111749
131281
48843
64307
130107
98646
110748
62944
126643
48624
52320
36757
42717
78069
45006
117137
44339
120301
60689
97667
91669
37404
104957
99828
123349
126630
81371
118357
35233
132905
70025
124183
104159
51905
63591
80439
88408
74574
47778
50860
48975
64667
42946
111828
121496
130125
59393
103886
37131
94188
111814
52083
49063
104065
38667
35171
51663
37547
128449
51893
109109
72583
66114
130324
98157
51387
81104
116457
47687
55848
36695
90372
67231
61561
43415
83798
125724
106428
63547
107644
52752
81545
93801
43555
104484
132985
123292
115792
106181
51701
85899
49457
51463
109810
39313
102784
51433
123712
109543
35403
91138
56720
49700
124090
84459
121007
133775
87427
90201
35577
133897
48565
53969
128901
75853
59452
129187
54701
40065
63070
100463
56405
76848
132244
109410
116529
113677
77777
74072
79575
113824
76196
67657
44895
51521
99796
110458
106398
108955
47586
121933
83053
124499
88684
58894
130983
115223
94096
69812
55304
50858
67570
93486
103299
58773
62467
124801
113247
113777
42327
49711
40628
63907
103940
123934
123053
109521
98057
131558
128014
112941
70642
78135
94911
101849
74278
53951
53346
100105
40723
84328
124974
58670
35401
124461
72523
117026
45492
41061
87130
98024
40152
78653
50911
128585
71677
71197
88405
76218
45362
124897
105594
76766
117993
88049
125756
87807
101272
63984
134717
110961
62713
74310
116907
90755
102133
69912
88214
71327
79461
100281
89096
108858
95859
69605
45433
62450
49713
132046
88109
71489
113603
132663
114195
71871
76010
128229
125368
47206
66444
40790
43134
107880
43393
97169
51422
112580
117943
75467
64840
37324
100331
61446
55199
39952
110405
75273
37152
115844
68692
132557
63142
104674
37168
105675
42937
60373
88083
94503
66131
80722
132147
44007
78475
110584
45227
38283
66228
59503
123543
38282
123442
101396
53386
35470
106097
58012
54373
104405
86735
51205
120364
59451
98568
46700
108340
98721
66686
63352
46711
83733
103987
89103
107237
72941
77504
98565
123395
38017
44881
121221
109535
59263
35733
58948
56504
88545
66170
127969
131340
81440
77142
58194
60509
52344
84477
68949
53626
53296
70164
51946
98827
95814
79149
39136
121088
65803
81365
61723
86491
39892
42917
76903
113471
58827
132331
83399
69958
35998
104579
63997
103541
130679
36061
37250
123301
95149
71867
124605
56090
76811
47834
48773
92010
69157
47501
119579
112999
125571
121396
67179
81524
57166
54739
93173
83653
58648
72022
Window 8
85237
46155
102249
81697
59519
62449
115658
106367
52265
72182
121285
63177
139978
88002
120382
75402
96557
80196
103642
123665
119656
56038
69823
41644
120536
97346
84014
79977
100319
126863
97743
115423
108021
134736
91402
103082
81008
86747
51939
50283
69145
123558
113071
133158
54510
94589
41968
42149
57804
50879
129138
66471
55756
44391
45077
127201
45454
91131
60670
130289
49824
82207
43298
43982
139104
79386
122521
138147
132738
90047
56005
112235
54686
127023
121061
72715
79194
129900
77219
70047
135759
123592
68025
78326
69561
118649
52182
112171
54674
47405
102421
121083
54155
63885
129661
82433
132961
86212
110499
125929
59424
136300
104023
108999
118350
46193
43230
103356
51145
66582
82006
57138
129601
57540
88981
107589
120715
72895
121791
73622
96183
75952
65851
125483
60215
72505
73730
124340
100288
47141
93617
119660
128709
131641
49596
131035
78076
110802
126368
105701
115473
100963
89495
107342
118355
81552
100706
125101
92852
55351
78825
42240
89801
82554
47123
55327
94783
136702
114073
89380
83061
135779
109871
72308
42159
121964
64373
90566
77695
93121
96615
55768
53462
47957
50317
124847
63751
91780
68041
120752
117565
118544
128391
106032
55982
131237
73817
123852
74593
106333
71547
45079
99458
79630
69224
56846
53912
89189
54990
85354
137225
50244
79217
83716
134922
49074
51393
91268
116739
75757
63657
113601
82883
118182
46134
121538
116966
79040
60869
110630
77810
92456
64688
46962
83894
116095
91276
83195
134563
58925
71606
121681
86759
70680
53618
116195
83330
77237
74334
41646
109373
72382
104162
126251
88448
139990
126770
105823
67409
118098
58977
76154
100123
51825
41871
68522
63526
56239
94493
86055
69850
129591
131292
63293
49086
123808
84532
125111
125404
60601
46327
98808
120973
86842
102562
70757
139244
120368
126581
106932
127655
103784
77075
103264
108522
59622
66491
59685
73405
77649
62723
48275
68117
76746
56792
98428
118543
101385
115360
54064
95582
45914
74859
118400
110721
82177
113470
116489
69197
91432
116684
83806
43822
130550
57815
41239
115147
96371
80387
125231
74913
91027
126335
58056
79369
115810
82756
98325
60910
108015
69585
49434
102809
65816
40904
100163
70788
95902
76523
122126
47599
116673
127619
87171
69175
83006
132075
51416
56248
130411
106595
58617
40735
68672
79963
54027
135963
134857
120089
64545
95199
58762
111315
54088
57887
49112
116885
89503
134491
54958
86450
72223
128488
88886
96599
59004
94238
115732
45591
132699
49955
123632
44199
77969
47653
67846
49980
76673
112049
111749
131281
48843
64307
130107
98646
110748
62944
126643
48624
52320
42717
135249
78069
45006
117137
44339
120301
60689
97667
126800
91669
104957
99828
123349
137507
126630
81371
118357
132905
70025
135667
124183
104159
51905
63591
80439
88408
74574
47778
50860
48975
64667
42946
111828
121496
130125
59393
103886
94188
111814
52083
49063
104065
135778
51663
128449
51893
109109
72583
66114
130324
98157
51387
81104
116457
47687
55848
90372
137853
67231
61561
136144
43415
83798
125724
83377
106428
63547
107644
52752
81545
93801
43555
136796
104484
139459
132985
123292
135189
54075
115792
106181
51701
85899
49457
51463
109810
102784
51433
123712
109543
138546
91138
56720
139138
49700
62038
124090
84459
121007
133775
87427
90201
133897
135870
48565
53969
128901
75853
59452
129187
54701
40065
63070
100463
56405
76848
132244
109410
116529
113677
47990
138613
135381
77777
74072
79575
113824
76196
67657
51521
99796
110458
106398
108955
138883
136227
47586
121933
83053
124499
88684
58894
130983
115223
94096
69812
55304
50858
67570
93486
103299
58773
62467
124801
113247
113777
42327
49711
40628
63907
103940
123934
123053
109521
98057
131558
128014
112941
70642
78135
94911
101849
74278
53951
53346
138773
100105
40723
84328
124974
58670
124461
72523
117026
45492
41061
87130
98024
40152
78653
50911
128585
71677
71197
88405
76218
45362
124897
105594
76766
117993
88049
125756
87807
101272
63984
134717
110961
62713
74310
116907
90755
102133
69912
88214
71327
79461
100281
89096
108858
95859
69605
45433
62450
49713
132046
88109
113603
132663
114195
71871
76010
128229
136271
125368
47206
66444
40790
43134
107880
43393
97169
51422
112580
117943
75467
64840
100331
138512
61446
55199
110405
75273
115844
68692
132557
63142
104674
105675
42937
60373
88083
94503
66131
80722
132147
97871
78475
110584
135204
45227
66228
59503
123543
123442
101396
53386
106097
58012
54373
104405
86735
51205
120364
59451
98568
46700
108340
98721
66686
63352
46711
83733
103987
89633
89103
124257
107237
86053
72941
77504
98565
123395
139729
44881
121221
109535
59263
58948
56504
88545
66170
127969
131340
136706
81440
77142
58194
60509
52344
84477
68949
53626
135033
53296
70164
51946
98827
95814
79149
135087
121088
65803
135795
81365
43264
61723
86491
62547
42917
76903
113471
58827
132331
83399
138164
69958
139804
104579
63997
103541
130679
123301
95149
71867
124605
56090
76811
47834
48773
100669
92010
69157
47501
119579
112999
125571
121396
67179
81524
57166
54739
93173
136248
83653
58648
72022
Window 9
85237
46155
102249
81697
59519
62449
115658
106367
52265
72182
121285
63177
139978
88002
120382
75402
96557
80196
103642
123665
119656
56038
69823
143466
120536
97346
84014
79977
100319
126863
97743
115423
108021
134736
91402
103082
81008
86747
51939
50283
69145
123558
113071
133158
54510
94589
57804
50879
129138
66471
55756
45077
127201
45454
91131
60670
130289
49824
82207
139104
79386
122521
140541
138147
132738
90047
56005
112235
54686
127023
121061
72715
79194
129900
77219
70047
135759
123592
68025
78326
69561
118649
52182
112171
140104
54674
47405
102421
121083
141959
54155
63885
129661
82433
132961
86212
110499
59424
136300
104023
108999
118350
46193
103356
51145
66582
82006
57138
129601
57540
88981
107589
120715
72895
121791
73622
96183
75952
65851
125483
60215
72505
73730
124340
100288
47141
141399
93617
119660
128709
131641
49596
131035
78076
110802
126368
105701
115473
100963
89495
107342
118355
81552
140852
100706
125101
92852
49387
55351
78825
143450
122578
89801
82554
47123
55327
94783
136702
114073
89380
83061
135779
109871
72308
121964
64373
90566
77695
93121
96615
55768
141257
53462
47957
50317
124847
63751
91780
68041
120752
117565
118544
128391
106032
55982
131237
73817
123852
74593
75459
106333
143432
71547
45079
99458
79630
69224
56846
53912
89189
92767
54990
85354
137225
50244
79217
83716
134922
141819
49074
51393
91268
140549
116739
75757
140049
63657
113601
82883
118182
46134
143247
121538
116966
79040
60869
110630
77810
92456
64688
46962
83894
116095
91276
83195
134563
58925
140305
71606
121681
86759
70680
53618
116195
77237
140607
74334
109373
72382
104162
126251
88448
139990
126770
105823
67409
118098
144564
58977
76154
100123
51825
68522
63526
56239
94493
86055
69850
143609
143678
129591
131292
63293
49086
123808
84532
142147
125111
125404
60601
46327
98808
120973
86842
102562
70757
139244
120368
126581
106932
127655
103784
77075
103264
108522
59622
66491
59685
73405
77649
62723
142315
48275
68117
76746
56792
98428
118543
140691
101385
115360
54064
95582
45914
74859
118400
110721
82177
113470
116489
140373
69197
91432
116684
83806
130550
57815
115147
96371
144834
80387
125231
74913
91027
126335
58056
79369
115810
82756
98325
60910
108015
69585
49434
102809
65816
100163
70788
95902
76523
122126
47599
116673
127619
80913
87171
69175
83006
132075
51416
56248
141170
130411
106595
58617
68672
79963
54027
135963
134857
120089
64545
95199
58762
111315
54088
57887
49112
116885
89503
134491
54958
86450
72223
128488
144037
88886
140291
96599
59004
94238
115732
45591
132699
49955
123632
77969
47653
67846
49980
76673
112049
111749
131281
48843
64307
130107
98646
110748
62944
126643
48624
52320
135249
78069
45006
117137
120301
60689
97667
126800
91669
104957
99828
123349
137507
126630
81371
118357
132905
70025
135667
124183
104159
140296
95413
51905
63591
80439
88408
74574
47778
50860
48975
64667
111828
121496
130125
59393
103886
94188
111814
52083
49063
104065
135778
51663
128449
51893
109109
72583
66114
143792
130324
98157
51387
81104
116457
47687
55848
90372
137853
67231
61561
136144
83798
125724
83377
106428
63547
107644
52752
81545
93801
136796
104484
139459
132985
123292
135189
54075
115792
106181
51701
85899
49457
51463
109810
102784
51433
123712
109543
138546
91138
56720
139138
49700
62038
124090
84459
121007
133775
87427
90201
133897
135870
48565
53969
128901
59452
129187
54701
63070
100463
56405
76848
132244
143182
109410
116529
113677
47990
56258
53032
138613
135381
77777
74072
79575
113824
76196
67657
51521
99796
110458
106398
108955
138883
136227
47586
140624
121933
83053
124499
88684
58894
130983
115223
94096
69812
55304
50858
67570
93486
103299
58773
62467
124801
113247
113777
49711
63907
103940
123934
123053
109521
131558
128014
112941
70642
78135
94911
101849
74278
53951
53346
138773
100105
84328
124974
58670
124461
72523
142375
117026
45492
87130
98024
144692
78653
50911
128585
71677
71197
88405
76218
45362
124897
105594
108347
76766
117993
88049
125756
142047
87807
101272
63984
134717
110961
62713
74310
116907
90755
102133
69912
88214
71327
79461
100281
89096
108858
95859
69605
45433
62450
49713
132046
88109
71489
113603
132663
114195
71871
76010
128229
136271
125368
47206
66444
107880
97169
51422
112580
117943
75467
64840
100331
138512
61446
55199
110405
75273
115844
68692
132557
63142
104674
105675
60373
88083
94503
66131
80722
132147
97871
78475
110584
135204
45227
66228
59503
123543
123442
101396
53386
106097
58012
54373
104405
86735
51205
120364
59451
98568
46700
108340
98721
66686
63352
142550
46711
83733
103987
89633
89103
124257
107237
144779
86053
72941
77504
98565
123395
139729
121221
109535
59263
58948
56504
88545
66170
127969
131340
136706
81440
77142
58194
60509
52344
84477
68949
53626
135033
53296
140492
70164
51946
98827
95814
79149
135087
121088
65803
135795
81365
61723
86491
62547
76903
113471
58827
132331
83399
138164
69958
139804
104579
63997
103541
130679
123301
95149
71867
124605
56090
76811
47834
48773
100669
92010
69157
143742
47501
119579
141142
112999
125571
121396
67179
144681
144530
81524
57166
143593
54739
93173
136248
141453
83653
58648
72022
