Window 0
9655
275
115
8484
9598
96
1120
443
9194
319
821
1044
53
596
245
9351
962
323
702
125
355
8904
560
605
7955
459
6543
1420
260
348
954
448
12
569
1100
284
166
233
9540
82
255
4759
8409
6591
6498
6933
23
8355
20
321
9826
188
1568
35
7921
1583
7243
344
7461
1083
8144
126
884
8290
317
770
6592
8506
1059
9848
1093
7756
7927
6984
34
2897
8674
9165
144
994
9541
8889
294
1496
9477
142
7997
9727
8081
1828
122
1635
318
581
9217
226
9691
7676
7956
9559
1002
979
9034
14
682
1305
851
432
1355
1542
1524
1661
338
8009
1027
734
7174
325
4162
415
152
991
1417
315
1510
6829
5083
9456
4421
492
143
24
943
222
1072
7858
262
8011
150
7950
60
11
7892
822
9479
6934
141
7374
285
335
64
13
201
9823
7666
86
7763
256
223
1241
1493
4997
52
388
8169
368
382
906
534
8639
1013
7761
9245
7
1816
960
1434
110
289
9378
308
895
290
4712
8043
976
505
1339
175
173
9576
611
133
1537
9484
340
5735
1306
1021
249
28
7536
6886
431
931
7533
518
92
7729
399
254
1698
7772
780
9687
163
8771
185
6999
227
6
301
1180
2768
1174
6983
1238
1429
6868
9379
1074
1452
519
9592
8399
8354
486
1453
198
501
1408
9770
9566
1413
7823
903
1019
529
1314
825
480
7600
836
7890
162
652
9513
9364
364
7799
7780
9756
9569
487
1718
434
78
723
6857
1520
45
1134
70
202
9206
1569
7119
1473
665
9686
9134
8083
341
1460
9653
9604
547
6839
74
482
123
9585
9726
183
59
264
852
1709
330
488
8267
1065
430
9660
1592
9769
7746
9064
104
38
9630
56
337
495
7981
9708
280
1560
511
1281
9366
1621
7141
1536
8025
7731
817
140
784
9560
575
1372
1310
520
7993
7711
1688
119
250
1625
472
50
737
7978
8599
287
9539
95
1049
1118
506
801
664
725
9568
489
1530
9499
769
1018
97
336
1477
1513
7821
562
1796
7938
1133
485
1551
172
40
8063
9446
1666
521
8197
7140
8183
9251
7837
7747
161
36
6899
8097
1125
1009
354
946
1295
1489
9571
4113
9591
44
8044
225
8424
2835
9184
268
483
9839
79
367
232
8115
99
8125
197
343
7337
0
4463
380
2767
8029
8024
9652
6473
949
1343
120
357
9510
8502
904
1188
295
9577
307
1954
514
66
494
4114
9494
9227
9678
1883
9667
9220
55
9711
1151
4064
1033
1012
9884
572
8090
7948
228
1687
9285
9126
213
552
1200
9658
300
9325
9704
57
1892
528
9164
7926
1641
924
8381
192
39
407
6503
6858
177
329
269
25
513
848
9520
796
9536
1589
510
189
7535
7949
7803
9326
452
1378
707
240
1046
322
7814
112
281
8983
76
1210
402
244
9613
9690
8080
871
9584
304
9692
6536
7908
116
5199
8893
7665
1350
8195
4566
634
6900
493
409
7979
8897
58
8557
1265
8198
9997
7732
1206
1517
8611
9402
2832
1230
456
1365
8885
1838
298
9196
370
7601
9587
530
7590
258
477
666
9558
9017
103
525
9549
219
4
324
5
235
484
1336
320
9666
5976
8126
129
9781
8159
417
1132
1098
138
4914
8346
374
77
75
7571
4373
416
1803
1677
195
8292
9301
1508
278
29
481
1412
90
445
8515
877
1168
310
7802
449
274
609
8630
1105
9586
200
922
193
9712
8487
5082
216
218
9717
1212
26
67
181
1584
9395
9310
46
100
6530
7996
54
127
8091
499
9542
153
4996
5041
151
1342
194
31
102
532
8098
751
379
1149
9646
339
9635
8079
85
9674
9697
176
1797
1504
9565
1095
1042
6638
7824
570
9662
217
8030
9614
8380
1409
1094
7840
2769
993
206
1249
9055
1436
182
1410
257
221
8045
134
608
716
9812
1466
7644
9581
1055
131
1
61
1092
353
4998
1148
9511
9619
753
414
398
8610
6551
843
8112
9654
137
4859
6880
444
9493
564
1038
8008
68
6664
346
9582
159
6877
8307
536
9219
358
9643
1567
365
1011
302
810
992
8905
687
224
84
17
7023
4625
1404
502
266
8881
691
9000
3
48
178
312
1349
15
7710
73
208
7836
820
9403
33
9724
283
350
844
239
9112
7781
828
469
118
1511
7038
1631
1026
670
967
270
88
9593
132
1309
8210
8895
296
311
497
885
9645
211
9548
80
410
1348
7869
1484
9514
7813
423
1843
9648
1084
1418
89
616
1313
16
9530
145
8194
1480
9785
9798
9599
332
1004
1144
463
9634
9677
9447
117
9600
717
124
6915
4509
9806
87
7800
996
1697
7059
401
43
351
7980
422
1626
139
1211
9412
1104
9311
1605
19
230
328
9601
1043
1465
408
1216
51
1147
1351
1069
1273
1140
507
243
121
496
62
9723
8686
375
1088
8046
72
191
7534
5042
212
440
209
107
1435
984
446
114
9673
733
9492
9768
253
9762
9371
8278
8113
9172
1401
9730
9696
1057
8116
7882
512
8857
9642
220
1603
363
995
447
356
7974
490
400
9476
71
3927
9278
478
157
9610
8379
9933
42
3852
989
9461
8181
8160
9120
314
9780
170
167
109
149
7849
433
9784
376
9033
6949
101
1008
1428
9396
154
160
826
466
8699
9718
7324
9133
9703
8064
9209
7995
27
205
128
9044
7501
1575
1130
9445
491
654
999
1391
5084
1017
1297
147
9263
8530
9286
1565
326
674
622
292
7760
9676
461
9608
1307
441
658
93
248
1884
643
9063
9470
558
7441
7902
41
917
9716
8758
533
105
372
1064
187
2836
272
1025
7762
214
1143
146
7655
6866
1756
7822
667
9709
9376
7903
113
9612
8268
130
858
9605
9606
8687
267
421
2833
135
7776
1640
9035
168
8114
1112
65
8542
9849
8291
7920
69
8010
9679
800
8146
3815
8065
9265
8196
1566
1078
229
199
7853
1717
1156
8879
331
279
619
9575
1022
907
579
9665
9668
22
9243
9228
831
47
81
8211
204
1036
108
9394
5926
352
6856
541
1127
293
381
155
9680
9611
8266
498
83
1023
8403
1085
900
148
359
9567
1516
1097
819
1061
838
859
1139
234
669
2793
1024
8078
988
207
515
757
273
9264
156
471
8393
241
4916
111
7643
1326
8772
923
9531
9506
169
9464
246
7959
6898
8012
180
3012
1333
8082
30
6491
546
9216
8096
1804
9570
9113
9
373
6848
238
9818
369
6907
299
1593
1108
773
18
1073
9521
231
8892
9835
32
8572
1302
806
1464
406
8028
739
2
1525
7784
911
9455
524
366
91
935
49
9659
7558
9751
9607
63
6135
465
7958
1795
6849
9156
464
9512
271
718
9185
9302
555
247
9197
9554
37
136
342
1041
6512
1048
604
21
1062
8003
8580
556
7994
236
333
1111
1316
8242
7307
588
4858
237
4915
7957
8279
10
106
165
9515
9710
6878
1362
516
7852
1506
1066
8
1058
98
9195
1335
8281
9663
1129
468
158
94
9377
1340
Window 1
10161
9655
8484
9598
1120
10146
9194
821
1044
596
10234
9351
962
702
8904
560
605
7955
6543
1420
954
569
1100
10460
9540
4759
8409
6591
6498
8355
9826
1568
1583
7243
7461
1083
8144
884
770
6592
8506
1059
1093
10154
7927
6984
2897
9165
994
9541
8889
1496
9477
7997
9727
8081
1828
1635
581
9217
9691
7676
7956
9559
1358
1002
979
10241
9034
682
1305
851
1355
1542
1524
1661
8009
1027
734
7174
4162
2852
991
1417
1510
6829
5083
9456
4421
10381
943
10239
1072
7858
8011
7892
822
9479
10217
7374
7666
7763
10257
1241
1493
4997
9365
8169
906
534
8639
1013
7761
9245
1816
960
1434
9378
895
4712
10256
8043
976
505
1339
9576
611
1537
9484
5735
1306
1021
10173
6886
931
7533
518
10186
7729
1698
780
9687
8771
6999
1180
2768
1174
6983
1238
1429
6868
9379
1074
1452
519
9592
8399
10474
8354
1453
501
1408
9770
9566
1413
7823
1019
529
1314
825
7600
836
7890
652
9513
9364
7799
7780
9756
9569
1718
723
6857
1520
1134
9206
1569
7119
1473
665
9686
9134
10222
8083
1460
9653
9604
547
1321
9585
9726
1709
1065
9660
1592
9769
7746
9064
9630
7981
9708
1560
511
1281
9366
1621
7141
1536
7731
817
784
9560
575
1372
10085
1310
520
7993
7711
1688
1625
10168
737
7978
8599
10244
9539
1049
1118
506
801
664
725
9568
1167
1530
9499
769
1018
1477
1513
7821
562
1796
1133
1551
8063
7557
9446
1666
521
8197
7140
8183
9251
7837
7747
6899
8097
1125
10183
9094
1009
946
1295
1489
9571
4113
9591
8044
8424
2835
9184
9839
8115
1346
8125
7337
10157
4463
1079
2767
8029
8024
646
9652
6473
949
1343
10215
9510
8502
904
1188
9577
1954
514
4114
9494
9227
9678
1883
9667
9220
10227
9711
1151
4064
1033
1012
9884
572
8090
7948
1687
9285
9126
552
1200
9658
10210
9325
9704
1892
528
9164
7926
1641
10201
924
8381
6503
6858
513
9520
796
9536
1589
510
7803
9326
1378
707
1046
7814
8983
1210
9613
9690
8080
871
9584
9692
6536
7908
5199
8893
7665
1350
8195
4566
634
6900
7979
8897
8557
8198
9997
7732
1206
1517
8611
9402
2832
1230
1365
8885
9196
9587
530
7590
666
9558
9017
525
9549
10233
1336
9666
5976
8126
9781
8159
973
1132
1098
4914
7571
4373
1803
1677
8292
9301
1508
1412
8515
877
1168
7802
609
8630
1105
9586
922
9712
8487
5082
9717
10228
10107
1212
1584
9395
9310
6530
7996
8091
9542
4996
5041
1342
532
8098
751
1149
9646
9635
8079
9674
9697
1797
1504
9565
1095
1042
7824
10122
570
9662
9043
8030
9614
8380
1409
1094
7840
2769
993
1249
9055
1436
1410
8045
608
716
9812
7644
9581
1055
10134
10236
4998
10214
1148
9511
9619
753
8610
6551
843
8112
9654
4859
10221
9493
9324
564
1038
8008
6664
9582
6877
536
9219
9643
1567
1011
810
992
8905
687
1035
7023
4625
1404
502
8881
691
9000
1349
10174
1126
7710
1315
820
9403
9724
844
9112
7781
828
1511
7038
1631
1026
670
967
9593
1309
8210
8895
885
9645
10167
9548
10147
1348
7869
1484
9514
7813
10216
1843
9648
1115
1084
1418
616
1313
9530
8194
9785
9798
9599
1119
1004
10200
1144
9634
9677
9447
9600
717
6915
4509
9806
7800
996
1697
7059
7980
1211
9412
1104
9311
1605
9601
1043
1465
1216
1147
1351
1069
1273
1140
507
9723
8686
1088
8046
7534
5042
10078
1435
984
9673
733
9492
9768
9762
9371
8278
8113
9172
1401
9730
3588
9696
955
1057
8116
7882
512
9642
1603
10276
995
9476
3927
9278
10219
9610
8379
9933
3852
989
9461
8181
8160
9120
9780
7849
9784
9033
6949
586
1008
1428
9396
826
8699
9718
9703
8064
9209
7995
5243
9044
7501
1575
1130
9445
654
999
1391
5084
1017
9263
8530
9286
1565
674
622
7760
9676
9608
1307
658
1884
643
9063
9470
558
7441
917
9716
533
1064
1025
4913
7762
1143
7655
1756
7822
667
9709
9376
9612
858
9605
9606
8687
2833
7776
1640
9035
8114
1112
8542
9849
7920
8010
9679
800
10141
8146
3815
8065
9265
8196
1566
10023
1078
7853
1717
1156
8879
619
9575
1022
907
579
9665
9668
9243
9228
831
8211
1036
9394
541
1127
9680
9611
8266
1023
8403
1085
10185
9567
1516
1097
9350
819
1061
838
859
1139
669
2793
1024
8078
988
515
757
9264
10245
4916
7643
1326
10334
8772
923
9531
9506
10202
9464
7959
6898
8012
3012
1333
8082
6491
546
1386
9216
8096
1804
9570
9113
6848
9818
1593
1108
773
1073
9521
10187
8892
9835
8572
1302
806
1464
10240
8028
739
1525
911
9455
524
10459
935
9659
3011
7558
9751
9607
6135
7958
1795
6849
818
9156
9512
718
9185
9302
10480
555
9197
9554
1041
6512
1048
604
1062
8003
8580
556
7994
1111
1316
588
4858
4915
7957
8279
10184
9515
9710
6878
1362
516
7852
1506
1066
1058
9195
1335
9663
1129
9377
1340
10194
10246
Window 2
10161
10502
9655
10550
9260
8484
9598
1120
10146
9194
1044
10234
9351
8904
7955
10917
6543
1420
1100
10460
10621
9540
4759
8409
6591
6498
6933
8355
10632
10759
9826
8128
1568
10968
1583
7243
7461
10709
1083
8144
6592
8506
1059
8554
1093
10697
10154
7927
6984
2897
1056
9541
8889
1496
9477
7997
9727
8081
1635
10635
10573
9217
1334
9691
7676
7956
9559
1358
1002
10241
9034
1305
1355
1542
1524
1661
8009
1027
7174
10627
4162
2852
1417
1510
6829
5083
9456
4421
10239
1072
7858
8011
10900
7892
9479
6934
10999
10217
7374
7666
7763
9032
10257
1241
1493
4997
9365
8639
1013
7761
9245
1816
1434
1001
9378
10606
4712
10256
8043
10593
1339
10536
9576
10509
1263
1537
9484
5735
1306
1021
10173
6886
7533
10186
7729
1698
1131
9687
8771
6999
1180
2768
1174
6983
1238
1429
6868
9379
1074
1452
10701
9592
8399
10474
8354
1453
1408
9770
9566
1413
7823
1019
1314
7600
7890
9513
9364
10538
7799
7780
9756
9569
1718
9207
9261
7709
6857
1520
10584
1134
9206
1569
7119
1473
9686
9134
10222
8083
1460
9653
9604
6839
10583
1221
1321
9585
9726
1709
1065
9660
1592
9769
7746
10960
1213
9630
7981
9708
10613
1560
10547
1281
10933
9366
1621
7141
1536
7731
9560
1372
10085
1310
7993
10618
7711
1688
1625
10168
7978
10982
10244
9539
1063
10579
1049
1118
9568
1167
1530
9499
1018
1477
1513
10623
7821
1796
1133
10607
1551
9483
8063
7557
1666
8197
7140
8183
9251
7837
7747
10656
10624
6899
8097
1125
10183
9094
1009
1295
1489
9571
4113
9591
8044
10544
10549
8424
2835
9184
9839
8115
1346
8125
10557
7337
10157
1079
2767
8029
8024
10622
9652
6473
1343
10703
10215
9510
9257
8502
1188
9577
10582
1954
4114
9494
9227
9678
1883
9667
9220
10227
9711
1151
10510
4064
1033
1012
9884
8090
7948
10620
1687
9285
9126
1200
9658
10210
9325
9704
1892
9164
7926
1641
10201
8381
10705
6858
9469
9520
9536
7871
1589
7803
9326
1378
1046
10611
7814
8983
1210
10597
9613
9690
8080
1383
9584
9692
6536
7908
5199
8893
10680
10508
7665
1350
8195
4566
6900
7979
8897
8557
8198
9997
7732
10590
1206
1517
8611
9402
2832
1230
1365
8885
9196
9587
7590
10600
9558
9017
7829
9549
10233
1336
9666
5976
8126
9781
8159
1132
1098
4914
10555
8214
10589
7571
4373
1803
1677
8292
9301
1508
3926
1412
10562
8515
10569
10692
1168
10616
7802
1264
8630
1105
9586
9712
8487
5082
9717
10228
10107
1212
1584
9395
9310
10534
6530
7996
8091
9542
4996
5041
1342
8098
1040
1149
9646
9635
8079
9674
9697
1797
10686
1504
9565
1095
1042
7824
10122
9662
9043
1187
10580
8030
9614
8380
1409
1094
7840
2769
10650
1249
9055
1410
8045
9812
7644
10612
9581
1055
10615
10134
1337
10236
4998
10214
1148
9511
9619
8610
6551
9409
6772
8112
9654
10539
10599
4859
10221
9493
9324
1038
8008
6664
10604
9582
6877
9219
9643
1567
1011
8905
1035
7023
4625
1404
9427
8881
10631
10942
9000
1349
10174
1126
7710
1315
9403
10554
9724
9112
1103
7781
1511
7038
1631
1026
9593
1309
8210
8895
9645
10167
9548
10147
1348
7869
1484
9514
7813
10216
8523
1843
9648
10586
1115
1084
1418
10988
10545
1313
9530
9785
9798
9599
1119
3009
1004
10200
1144
9634
10570
9677
9447
10548
9600
1215
9259
6915
4509
9806
7800
1697
7059
7980
1626
1211
9412
1104
9311
1605
9276
7654
9601
1043
1465
1216
1147
1351
10617
1069
1273
1140
10605
9428
9723
8686
1088
1277
8046
10594
7534
5042
10078
1435
9673
10552
9492
10698
10630
9768
9762
9218
9371
8278
8113
9172
1401
9730
3588
9696
1057
8116
7882
9642
1603
10603
10276
10602
10561
9476
9278
10219
9610
8379
9933
3852
9461
10629
8181
8160
9120
1503
9780
7849
9784
10610
9033
10585
6949
1008
1428
9396
10636
10523
9718
10572
9703
1371
8064
9209
7995
5243
1067
9044
7501
1575
1130
1020
9445
10543
1391
5084
1017
9263
10575
8530
9286
1565
9235
10992
7760
9676
10571
9608
1307
1884
9063
9470
10551
7441
10514
9716
10526
1064
1025
4913
7762
1143
7655
6866
1756
7822
9258
9709
6692
9376
9612
9605
9606
8687
2833
7776
1081
1640
9035
8114
1112
8542
9849
7920
8010
9679
10141
8146
3815
8065
10681
8196
1566
10023
1078
7853
1717
1156
8879
9575
1022
10626
9392
9665
9668
9243
1400
8211
1036
1138
9394
6856
1005
1127
9250
9680
9611
8266
1023
8403
1085
1274
10185
9567
1516
1097
9350
1061
1139
2793
1024
8078
1070
9264
10245
4916
7643
1326
10334
1082
8772
9531
9506
10609
9487
10644
10202
9464
7959
6898
8012
3012
1333
8082
10566
6491
10949
1386
9216
8096
1804
9570
6848
10702
9818
6907
1593
10532
1108
10682
1073
9521
10187
8892
9835
10560
1052
1302
10625
1464
1028
10581
10240
8028
1525
9455
10519
10459
9659
3011
7558
9751
9607
10704
7958
1795
6849
9156
9512
9185
9302
10480
9554
1041
6512
1048
1062
10504
8003
1237
8580
7994
1111
1331
1316
4858
4915
7957
8279
10184
1071
9249
9515
9710
6878
10601
1362
7852
1506
1066
1058
9195
1335
9663
1129
10553
10628
9377
1340
10194
10246
Window 3
10161
10502
9655
10550
9260
8484
9598
10146
9194
10418
11418
10234
10456
9351
8904
7955
10917
6543
11367
10460
10621
9540
4759
8409
11365
6591
6498
6933
8355
10632
11356
10759
9826
11424
8128
1568
1583
7243
7461
10709
8144
6592
8506
8554
11396
10697
10154
7927
6984
2897
8674
11360
11391
9541
8889
11438
11421
9477
7997
9727
8081
1635
10635
10573
9217
9691
7676
7956
9559
10241
9034
1542
1524
1661
8009
7174
10627
4162
2852
1510
6829
5083
9456
4421
11432
11439
10239
7858
8011
11493
10900
7892
9479
6934
10999
10217
7374
7666
7763
9032
10257
4997
8169
8639
7761
9245
1816
9378
10606
4712
10256
8043
10593
10536
9576
10509
1537
9484
11361
11435
10173
11372
6886
11343
7533
10186
10645
7729
1698
11369
9687
8771
6999
2768
11454
11347
6983
6868
9379
10701
9592
8399
10474
8354
11474
9770
9566
7823
6693
7600
7890
9513
9364
11400
10538
3391
7799
7780
9349
9756
9569
1718
10449
9207
9261
11428
7709
11387
11348
6857
1520
10584
9206
1569
7119
9686
9134
10222
8083
9653
9604
6839
10583
9585
11374
9726
10413
11345
1709
9660
1592
9769
7746
10960
11485
9630
11426
11466
7981
9708
10613
9343
1560
10547
9629
11368
9626
11444
9366
1621
7141
1536
7731
9560
10085
7993
10618
7711
1688
1625
10168
11410
7978
8599
11393
11419
10244
9539
10579
3143
11425
9568
1530
9499
11492
1513
10623
7821
11376
1796
10607
11445
1551
9483
11434
8063
7557
1666
8197
7140
8183
9251
7837
7747
10656
10624
6899
11433
8097
10183
9094
9571
4113
11349
9591
8044
10544
10549
8424
11437
2835
9184
11362
9839
11429
8115
11355
8125
10557
7337
11342
10157
11359
2767
11469
8029
11353
8024
10622
9652
6473
10703
10215
9510
10450
11406
9257
8502
9577
10582
1954
4114
9494
9227
9678
1883
9667
9220
10227
9711
10510
4064
9884
8090
7948
10620
1687
9285
9126
9658
10210
9325
9704
1892
9164
7926
1641
10201
11462
8381
11397
11378
10705
11364
6858
9469
9520
9536
7871
1589
11341
7803
9326
11357
11384
10611
7814
8983
10597
9613
9690
8080
11385
9584
9370
9692
6536
7908
5199
8893
10680
10508
7665
8195
6900
11373
7979
8897
8557
8198
9997
7732
10590
1517
11340
8611
9402
2832
8885
9196
9587
11398
7590
11399
10576
10600
9558
9017
7829
9549
10595
10233
11416
9666
5976
8126
9781
8159
11388
11455
4914
10555
11499
8214
10589
7571
4373
1803
1677
8292
9301
1508
3926
11414
10562
8515
6817
10569
10692
10616
7802
8630
9586
9712
8487
5082
9717
10228
11402
10107
11458
11448
1584
9395
9310
10534
11392
11490
11453
6530
11422
7996
8091
9542
4996
5041
11401
8098
9646
9635
8079
9674
9697
1797
10686
1504
9565
7824
11451
10122
9632
9662
9043
10580
8030
9614
8380
7840
11404
2769
10650
9055
9323
11386
8045
9812
7644
10612
9581
10615
10134
10236
4998
10214
9511
9619
8610
6551
9409
6772
8112
9654
10539
10599
4859
10221
9493
9324
8008
6664
10604
9582
6877
9219
9643
1567
8905
11417
7023
11003
4625
10108
9427
8881
10631
9000
10174
7710
9403
10554
9724
11354
9112
11411
7781
11420
11483
1511
7038
1631
9593
8210
8895
9645
10167
9548
10147
7869
9514
7813
10216
8523
1843
9648
10586
10545
9530
8194
9785
11427
9798
9599
3009
11408
10200
9634
10570
9677
9447
10548
9600
11370
9259
6915
4509
9806
11446
7800
11488
1697
7059
7980
1626
9412
9311
1605
9276
7654
9601
11352
10617
11498
10605
11468
9428
9460
9723
8686
11389
8046
10594
7534
5042
10078
9673
11497
10552
9492
10698
10630
11395
9768
9762
9218
9371
8278
8113
9172
9730
3588
9696
8116
7882
8857
9642
1603
10603
10276
10602
6927
10561
9476
9278
11366
11344
11412
10219
9610
8379
9933
3852
9461
10629
8181
11382
8160
9120
1503
9780
7849
9784
10610
9033
10585
6949
9396
10636
11363
8699
10523
11405
9718
11430
10572
9703
8064
9209
7995
5243
9044
11379
7501
1575
9445
10543
5084
9263
10575
8530
9286
1565
9235
11407
11346
10992
7760
9676
10571
11351
9608
1884
9063
9470
10551
11449
11441
7441
10514
9716
10526
8758
11394
7762
7655
6866
1756
7822
9258
9709
6692
9376
9612
11415
9605
9606
8687
10577
11452
11377
2833
11383
7776
1640
9035
11409
8114
11413
10106
8542
9849
7920
8010
9679
10141
8146
3815
11431
8065
10681
8196
1566
11465
10023
6914
11473
7853
1717
8879
9575
11358
10626
9392
9665
9668
9243
9628
11390
8211
9394
5926
6856
11461
9250
11375
9680
9611
8266
8403
10185
9567
1516
9350
2793
8078
9264
10245
4916
7643
10334
6437
8772
9531
9506
10609
9487
10644
10202
9464
7959
6898
8012
3012
8082
10566
11350
6491
9216
8096
1804
9570
11381
6848
10702
9818
6907
1593
10532
10682
9521
10187
8892
9835
10560
8572
11450
10625
10581
10240
8028
1525
9455
10519
2916
10459
9659
3011
7558
9751
9607
6135
10704
11371
7958
1795
6849
9156
9512
9185
9302
11403
10480
11423
11380
9554
6512
11467
11436
11475
10504
8003
8580
7994
11459
4858
4915
7957
8279
10184
9249
9515
9710
6878
10601
7852
1506
11464
9195
8281
9663
10553
10628
9377
10194
10246
Window 4
10161
10502
9655
10550
9260
8484
9598
10146
9194
10418
11660
11726
11418
10234
9351
8904
7955
10917
6543
11591
11367
10460
10621
9540
4759
8409
11365
6591
6498
6933
8355
10632
11356
10759
9826
11424
11507
8128
11742
7243
7461
10709
8144
6879
11686
6592
8506
8554
11396
10697
10154
7927
6984
2897
11682
11360
11627
11732
11391
9541
8889
11438
11421
9477
11502
11510
7997
9727
8081
10635
10573
9217
9691
7676
7956
9559
11651
11657
10241
9034
8009
7174
10627
4162
2852
6829
5083
9456
4421
11432
10381
11439
10239
11594
7858
8011
11712
11656
11493
10900
7892
9479
6934
10999
10217
11903
7374
11893
9823
7666
7763
9032
10257
11759
4997
8169
11558
8639
7761
11562
9245
10542
11555
11684
9378
10606
4712
10256
8043
10593
10536
9576
11634
11603
10509
11661
9484
11361
11435
11877
5735
10173
11564
11372
6886
11343
7533
10186
7687
7729
11369
11636
9687
11640
8771
6999
11683
2768
11454
11347
6983
6868
9379
10701
9592
8399
10474
8354
11773
11540
11474
6766
9770
9566
7823
6693
11858
7600
7890
9513
11677
9364
11400
10538
7799
7780
9349
9756
9569
9207
9261
11428
7709
11582
11387
11348
6857
10584
11514
11557
9206
7119
6724
9686
9134
10222
11670
8083
9653
9604
6839
10583
11725
11504
9585
11374
9726
11669
11755
11345
11720
9660
11871
9769
7746
11533
10960
11485
9630
11426
11729
11466
7981
9708
11630
10613
9343
11917
11673
10547
11368
11444
9366
7141
11832
7731
9560
11543
10085
11850
7993
10618
7711
10168
11410
7978
8599
11393
11419
10244
9539
11654
10579
6697
11425
9568
9499
11492
11848
11546
11538
10623
7821
11376
10607
11445
9483
11434
8063
7557
8197
7140
8183
9251
7837
7747
10656
11824
10624
6899
11433
8097
10183
9094
9571
4113
11349
9591
8044
10544
10549
11911
8424
11437
2835
9184
11362
9839
11429
11719
8115
11355
11782
8125
10557
11872
11938
7337
11342
10157
11359
2767
11469
8029
11353
8024
10622
9652
6473
11580
11604
10703
10215
9510
11406
9257
8502
9577
10582
4114
9494
9227
11515
9678
11886
9667
9220
11570
10227
9711
10510
4064
9509
9884
8090
7948
10620
11706
9285
9126
9658
10210
9325
9704
11548
9164
7926
10201
11462
8381
11397
11378
10705
6503
11364
11653
6858
9469
9520
9536
7871
11675
11341
7803
9326
11357
11830
11384
10611
7814
11788
11777
8983
10597
11641
9613
9690
11690
8080
11385
9584
11671
9370
9692
6536
7908
11609
11780
5199
8893
10680
10508
7665
8195
4566
6900
11373
7979
8897
8557
8198
9997
11629
7732
10590
11340
8611
9402
2832
11734
11577
8885
9196
11534
9587
11530
11398
7590
11399
11525
10576
11785
10600
9558
11659
9017
7829
9549
11674
10595
11681
11761
10233
11506
11416
9666
5976
8126
9781
11527
8159
11680
11388
11455
4914
10555
11499
8214
11794
11717
10589
7571
4373
11798
8292
9301
3926
11414
10562
8515
6817
10569
10692
10616
7802
8630
9586
6698
9712
8487
11652
5082
9717
10228
11402
10107
11458
11448
9395
9310
10534
11392
11490
11453
6530
11422
7996
8091
9542
11864
4996
5041
11401
8098
9646
9635
8079
11561
9674
11655
9697
10686
11745
9565
7824
11451
10122
9662
9043
10580
11556
8030
9614
8380
7840
11404
2769
10650
9055
9323
11386
8045
11882
9812
7644
10612
9581
11581
10615
11638
10134
10236
4998
10214
11861
9511
9619
8610
6551
9409
11709
6772
8112
11772
9654
10539
10599
4859
10221
9493
9324
8008
6664
10604
9582
11687
6877
9219
9643
11691
8905
11417
7023
11003
4625
9427
8881
10631
11650
9000
11880
11575
11649
10174
7710
11511
11789
9403
11522
11576
11572
10554
11537
9724
11354
11599
11876
9112
11411
7781
11521
11420
11483
11811
7038
9593
8210
8895
9645
10167
9548
10147
7869
9514
11552
7813
10216
8523
9648
10586
10545
9530
8194
11878
9785
11427
9798
6483
9599
3009
11578
11637
11408
10200
9634
10570
9677
9447
11779
10548
9600
11370
10006
11826
9259
6915
4509
10032
9806
11446
11863
7800
11587
11765
11488
11724
7059
7980
11713
9412
11658
9311
9276
11776
7654
9601
11560
11352
10617
11498
10605
11468
9428
11703
9723
8686
11389
8046
11625
10594
7534
11837
5042
10078
11836
9673
11497
10552
9492
10698
10630
11395
9768
11667
11884
9762
9218
9371
8278
8113
9172
11617
9730
11517
3588
11679
9696
8116
7882
8857
9642
10603
10276
10602
6927
10561
9476
9278
11366
11344
11412
10219
11503
9610
8379
9933
3852
11707
9461
10629
8181
11382
11685
8160
9120
9780
7849
9784
10610
9033
10585
6949
9396
11795
10636
11363
8699
10523
11405
9718
11430
10572
9703
8064
9209
7995
11704
5243
11852
11700
9044
11601
11379
11699
7501
9445
10543
5084
9263
11803
10575
8530
9286
9235
11407
11346
11602
10992
11666
7760
9676
10571
11351
9608
9063
11642
9470
10551
11449
11579
11441
7441
10514
9716
10526
11394
11648
7762
11688
7655
11739
6866
7822
11584
11513
9258
9709
6692
11816
9376
9612
11415
9605
9606
8687
10577
11452
11377
2833
11383
7776
9035
11409
8114
11413
11628
8542
9849
7920
8010
9679
10141
8146
3815
11431
8065
10681
8196
11465
10023
11711
6914
11473
7853
8879
11934
9575
11358
10626
9392
9665
11672
9668
11516
9243
11622
11806
11390
8211
9394
11631
5926
11693
11610
6856
11461
9250
11375
9680
9611
11678
8266
8403
10185
9567
9350
2793
8078
11870
11532
9264
7706
11586
10245
4916
7643
10334
8772
9531
9506
10609
9487
10644
11512
10202
9464
7959
6898
8012
3012
8082
10566
11867
11350
11716
6491
9216
8096
11829
9570
11645
11381
11787
6848
9818
6907
10532
11797
10019
10682
9521
11715
11665
10187
11859
8892
11664
9835
10560
8572
11866
11450
11500
10625
11523
7825
10581
10240
8028
9455
10519
10459
9659
3011
7558
9751
9607
10704
11643
11635
11371
7958
10010
6849
9156
9512
11869
9185
9302
11403
10480
11423
11380
9554
6512
11467
11436
11475
10504
8003
8580
7994
11459
4858
4915
7957
8279
10184
9249
9515
9710
11781
6878
10601
11899
7852
11464
11865
9195
9663
10553
10628
9377
10194
10246
Window 5
10161
10502
9655
10550
9260
8484
9598
10146
9194
10418
11660
11726
11418
10234
9351
8904
7955
10917
6543
11591
11367
10460
10621
9540
4759
8409
11365
6591
6498
6933
8355
10632
11356
10759
9826
11424
11507
8128
11742
7243
7461
10709
8144
6879
11686
6592
8506
8554
11396
10697
10154
7927
6984
2897
11682
11360
11627
11732
11391
9541
8889
11438
11421
9477
11502
11510
7997
9727
8081
10635
10573
9217
9691
7676
7956
9559
11651
11657
10241
9034
8009
7174
10627
4162
6829
5083
9456
4421
11432
10381
11439
10239
11594
7858
8011
11712
11656
11493
10900
7892
9479
6934
10999
10217
11903
7374
11893
7666
7763
9032
10257
11759
4997
8169
11558
8639
7761
11562
9245
10542
11555
11684
8330
9378
10606
4712
10256
8043
10593
10536
9576
11634
11603
10509
11661
9484
11361
11435
11877
5735
10173
11564
11372
6886
11343
7533
10186
7687
7729
9497
11369
11636
9687
11640
8771
6999
11683
2768
11454
11347
6983
6868
9379
10701
9592
8399
10474
8354
11773
7526
11540
11474
6766
9770
9566
7823
6693
11858
7600
7890
9513
11677
9364
11400
10538
7799
7780
9349
9756
9569
9207
9261
11428
7709
11582
11387
11348
6857
10584
11514
11557
9206
7119
9686
9134
10222
11670
8083
9653
9604
6839
10583
11725
11504
9585
11374
9726
11669
11755
11345
11720
9660
11871
9769
7746
11533
10960
11485
9630
11426
11729
11466
7981
9708
11630
10613
11917
11673
10547
11368
11444
9366
7141
11832
7731
9560
11543
10085
11850
7993
10618
7711
10168
11410
7978
8599
11393
11419
10244
9539
11654
10579
12262
6697
11425
9568
9499
11492
11848
11546
10623
7821
11376
10607
11445
9483
11434
8063
7557
9446
8197
7140
8183
9251
7837
7747
10656
11824
10624
6899
11433
8097
10183
9094
9571
4113
11349
9591
8044
10544
10549
11911
8424
11437
2835
9184
11362
9839
11429
11719
8115
11355
11782
8125
10557
8470
11872
11938
7337
11342
10157
11359
2767
11469
8029
11353
8024
10622
9652
6473
11580
11604
10703
10215
9510
11406
9257
8502
9577
10582
4114
9494
9227
11515
9678
11886
9667
9220
11570
10227
9711
4064
9509
9884
8090
7948
10620
11706
9285
9126
9658
10210
9325
9704
11548
9164
7926
10201
11462
8381
12252
11397
11378
10705
11364
11653
6858
9469
9520
9536
7871
11675
11341
7803
9326
11357
11830
11384
10611
7814
11788
11777
8983
10597
11641
9613
9690
11690
8080
11385
9584
11671
9370
9692
6536
7908
11609
11780
5199
8893
10680
10508
7665
8195
4566
6900
11373
7979
8897
8557
8198
9997
11629
7732
10590
11340
8611
9402
2832
11734
11577
8885
9196
11534
9587
11530
11398
7590
11399
11525
10576
11785
10600
9558
11659
9017
7829
9549
11674
10595
11681
11761
10233
11506
11416
9666
5976
8126
9781
11527
8159
11680
11388
11455
4914
10555
11499
8214
11794
11717
10589
7571
4373
11798
8292
9301
3926
11414
10562
8515
6817
10569
10692
10616
7802
8630
9586
6698
9712
8487
11652
5082
9717
10228
11402
10107
11458
11448
9395
9310
10534
11392
11490
11453
6530
11422
7996
8091
9542
11864
4996
5041
11401
8098
9646
9635
8079
11561
9674
11655
9697
10686
11745
9565
7824
11451
10122
9662
9043
10580
11556
8030
9614
8380
7840
11404
2769
10650
9055
11386
8045
11882
9812
7644
10612
9581
11581
10615
11638
10134
10236
4998
10214
11861
9511
9619
8610
6551
9409
11709
6772
8112
11772
9654
10539
10599
4859
10221
9493
9324
8008
6664
10604
9582
11687
6877
9219
9643
11691
8905
11417
7023
11003
4625
9427
8881
10631
11650
9000
11880
8199
11575
11649
10174
7710
11511
11789
9403
11522
11576
11572
10554
11537
9724
11354
11599
11876
9112
11411
7781
11521
11420
11483
11811
7038
9593
8210
8895
9645
10167
9548
10147
7869
7826
9514
11552
7813
10216
8523
9648
10586
10545
9530
8194
11878
9785
11427
9798
6483
9599
3009
11578
11637
11408
10200
9634
10570
9677
9447
9474
11779
10548
9600
11370
10006
11826
9259
6915
4509
10032
9806
11446
11863
7800
11587
11765
11488
11724
7059
7980
11713
9412
11658
9311
11776
9601
11560
11352
10617
11498
10605
11468
9428
11703
9723
8686
11389
8046
11625
10594
7534
11837
5042
10078
11836
9673
11497
10552
9492
10698
10630
11395
9768
11667
11884
9762
9218
9371
8278
8113
9172
11617
9730
11517
3588
11679
9696
8116
7882
9642
10603
10276
10602
6927
10561
9476
9278
11366
11344
11412
10219
11503
9610
8379
9933
3852
11707
9461
10629
8181
11382
11685
8160
9120
9780
7849
9784
10610
9033
10585
6949
9396
11795
10636
11363
8699
10523
11405
9718
11430
10572
9703
8064
9209
7995
11704
5243
11852
11700
9044
11601
11379
11699
7501
9445
10543
5084
7525
9263
11803
10575
8530
9286
9235
11407
11346
11602
10992
11666
7760
9676
10571
11351
9608
9063
11642
9470
10551
11449
11579
11441
7441
10514
9716
10526
11394
11648
7762
11688
7655
11739
6866
7822
11584
11513
9258
9709
6692
11816
9376
9612
11415
9605
9606
8687
10577
11452
11377
2833
11383
7776
9035
11409
8114
11413
11628
8542
9849
7920
8010
9679
10141
8146
3815
11431
10558
8065
10681
8196
11465
10023
11711
6914
11473
7853
8879
11934
9575
11358
10626
9392
9665
11672
9668
11516
9243
11622
11806
11390
8211
9394
11631
5926
11693
11610
6856
11461
9250
11375
9680
9611
11678
8266
8403
10185
9567
9350
2793
8078
11870
11532
9264
7706
11586
10245
4916
7643
10334
8772
9531
9506
10609
9487
10644
11512
10202
9464
7959
6898
8012
3012
8082
10566
11867
11350
11716
6491
9216
8096
11829
9570
11645
11381
11787
6848
9818
6907
10532
11797
10019
10682
9521
11715
11665
10187
11859
8892
11664
9835
10560
8572
11866
11450
11500
10625
11523
7825
10581
10240
8028
9455
10519
10459
9659
3011
7558
9751
9607
10704
11643
11635
11371
7958
10010
6849
9156
9512
11869
9185
9302
11403
10480
11423
11380
9554
6512
11467
11436
11475
10504
8003
8580
7994
11459
4858
4915
7957
8279
10184
9249
9515
9710
11781
6878
10601
11899
7852
11464
11865
9195
9663
10553
10628
9377
10194
10246
Window 6
10161
10502
9655
10550
9260
8484
9598
10146
9194
10418
11660
11726
11418
10234
10456
9351
8904
7955
10917
6543
11591
11367
10249
10460
10621
9540
4759
8409
11365
6591
6498
6933
8355
10632
11356
10759
9826
11424
11507
8128
11742
7243
7461
10709
8144
6879
11686
6592
8506
8554
11396
10697
10154
7927
6984
11682
11360
11627
11732
11391
9541
8889
9375
11438
11421
9477
11502
11510
7997
9727
8081
10635
10573
9217
9691
7676
7956
9559
11651
11657
10241
9034
8009
7174
10627
4162
12341
6829
5083
9456
4421
11432
10381
11439
9342
10239
11594
7858
8011
11712
11656
11493
10900
7892
9479
6934
10999
10217
11903
7374
11893
7666
7763
9032
10257
11759
4997
8169
11558
8639
7761
11562
9245
10542
11555
11684
8330
9378
10606
4712
10256
12981
8043
10593
10536
9576
11634
11603
10509
11661
9484
11361
11435
11877
5735
10173
11564
11372
6886
11343
7533
10186
7687
7729
9497
11369
11636
9687
11640
8771
6999
11683
11454
11347
6983
6868
9379
10701
9592
8399
10474
8354
11773
7526
11540
11474
6766
9770
9566
7823
6693
11858
7600
7890
9513
11677
9364
11400
10538
7799
7780
9349
9756
9569
9207
9261
11428
11582
11387
11348
6857
10584
11514
11557
9206
7119
9686
9134
10222
11670
8083
9653
9604
6839
10583
11725
11504
9585
11374
9726
11669
11755
11345
11720
9660
11871
9769
7746
11533
10960
11485
9630
11426
11729
11466
7981
9708
11630
10613
9343
11917
11673
10547
9629
11368
9626
11444
9366
7141
11832
7731
9560
11543
10085
11850
7993
10618
7711
10168
11410
7978
8599
11393
11419
10244
9539
11654
10579
12262
6697
11425
9568
9499
11492
11848
11546
11538
10623
7821
11376
10607
11445
9483
11434
8063
7557
9446
8197
7140
8183
9251
7837
7747
10656
11824
10624
6899
11433
8097
10183
9094
9571
4113
11349
12879
9591
8044
10544
10549
11911
8424
11437
9184
11362
9839
11429
11719
8115
11355
11782
8125
10557
12975
8470
11872
11938
7337
11342
10157
11359
11469
8029
11353
8024
10622
9652
6473
11580
11604
10703
10215
9510
11406
9257
8502
9577
10582
4114
9494
9227
11515
9678
11886
9667
9220
11570
10227
9711
10510
4064
9509
9884
8090
7948
10620
11706
9285
9126
9658
10210
9325
9704
11548
9164
7926
10201
11462
8381
12252
11397
11378
10705
11364
11653
6858
9469
9520
9536
7871
11675
11341
7803
9326
11357
11830
11384
10611
7814
11788
11777
8983
11641
9613
9690
11690
8080
11385
9584
11671
9370
9692
6536
7908
11609
11780
5199
8893
10680
10508
7665
8195
4566
6900
11373
7979
8897
8557
8198
9997
11629
7732
10590
11340
8611
9402
11734
11577
8885
9196
11534
9587
11530
11398
7590
11399
11525
10576
11785
10600
9558
11659
9017
7829
9549
11674
10595
11681
11761
10233
11506
11416
9666
5976
8126
9781
11527
8159
11680
11388
11455
4914
10555
11499
8214
11794
11717
10589
7571
4373
12817
11798
8292
9301
3926
11414
10562
8515
6817
10569
10692
10616
7802
8630
9586
6698
9712
8487
11652
5082
9717
10228
11402
10107
11458
11448
9395
9310
10534
11392
11490
11453
6530
11422
7996
8091
9542
11864
4996
5041
11401
8098
9646
9635
8079
11561
9674
11655
9697
10686
11745
9565
7824
11451
10122
9632
9662
9043
10580
11556
8030
9614
8380
7840
11404
10650
9055
9323
11386
8045
11882
9812
7644
10612
9581
11581
10615
11638
10134
10236
4998
10214
11861
9511
9619
12704
8610
6551
9409
11709
6772
8112
11772
9654
10539
10599
4859
10221
9493
9324
12943
8008
6664
9363
10604
9582
11687
6877
9219
9643
11691
8905
11417
7023
11003
4625
9427
8881
10631
11650
9000
11880
8199
11575
11649
10174
7710
11511
12845
11789
9403
11522
11576
11572
10554
11537
9724
11354
11599
11876
9112
11411
7781
11521
11420
11483
11811
7038
9593
8210
8895
9645
10167
9548
10147
7869
7826
9514
11552
7813
10216
8523
9648
10586
11539
10545
9530
8194
11878
9785
11427
9798
6483
9599
3009
11578
11637
11408
10200
9634
10570
9677
9447
9474
11779
10548
9600
11370
10006
11826
9259
6915
4509
10032
9806
11446
11863
7800
11587
11765
11488
11724
7059
7980
11713
9412
11658
9311
11776
9601
11560
11352
10617
11498
10605
11468
9428
11703
9723
8686
11389
8046
11625
10594
7534
11837
5042
10078
11836
9673
11497
10552
9492
10698
10630
11395
9768
11667
11884
9762
9218
9371
8278
8113
9172
11617
9730
11517
3588
11679
9696
8116
7882
8857
9642
9344
10603
10276
10602
6927
10561
9476
9278
11366
11344
11412
10219
11503
9610
8379
9933
3852
11707
9461
10629
8181
11382
11685
8160
9120
9780
7849
9784
10610
9033
10585
6949
9396
11795
10636
11363
8699
10523
11405
9718
11430
10572
9703
8064
9209
7995
11704
11852
11700
9044
11601
11379
11699
7501
9445
10543
5084
7525
9263
11803
10575
8530
9286
9235
11407
11346
11602
10992
11666
7760
9676
10571
11351
9608
9063
11642
9470
10551
11449
11579
11441
7441
10514
9716
10526
11394
11648
7762
11688
7655
11739
6866
7822
11584
11513
9258
9709
6692
11816
9376
9612
11415
9605
9606
8687
10577
11452
11377
11383
7776
9035
11409
8114
11413
11628
8542
9849
7920
8010
9679
10141
8146
3815
11431
10558
8065
10681
8196
11465
10023
11711
6914
11473
7853
8879
11934
9575
11358
10626
9392
9665
11672
9668
11516
9243
9628
11622
11806
11390
8211
9394
11631
5926
11693
11610
6856
11461
9250
11375
9680
9611
8266
8403
10185
9567
9350
8078
11870
11532
9264
7706
10245
4916
7643
10334
8772
9531
9506
10609
9487
10644
11512
10202
9464
7959
6898
8012
3012
8082
10566
11867
11350
11716
9216
8096
11829
9570
11645
11381
11787
6848
9818
6907
10532
11797
10019
10682
9521
11715
11665
10187
11859
8892
11664
9835
10560
8572
11866
11450
11500
10625
11523
7825
11590
10581
10240
8028
9455
10519
10459
9659
3011
7558
9751
9607
10704
11643
11635
11371
7958
10010
6849
9156
9512
11869
9185
9302
11403
10480
11423
11380
9554
6512
11467
11436
11475
10504
8003
8580
7994
11459
4858
4915
7957
8279
10184
9249
9515
9710
11781
6878
10601
11899
7852
11464
9195
9663
10553
10628
9377
10194
10246
Window 7
10161
10502
9655
10550
9260
8484
9598
10146
9194
11660
11726
11418
10234
10456
9351
8904
7955
10917
6543
11591
11367
10249
10460
10621
9540
4759
11365
6591
6498
6933
8355
10632
11356
10759
9826
11424
11507
8128
11742
7243
10709
8144
6879
11686
6592
8506
8554
11396
10697
10154
7927
6984
11682
11360
9165
11627
11732
11391
9541
8889
9375
11438
11421
9477
11502
11510
7997
9727
8081
10635
10573
9217
9691
7676
7956
9559
11651
11657
10241
9034
8009
7174
10627
4162
12341
6829
5083
9456
4421
11432
10381
11439
9342
10239
13169
11594
7858
8011
11712
11656
11493
10900
7892
9479
6934
10999
10217
11903
7374
11893
7666
7763
9032
10257
9139
11759
4997
8169
11558
8639
7761
11562
10542
11555
11684
9378
10606
4712
10256
12981
8043
10593
10536
9576
11634
11603
10509
11661
9484
11361
11435
11877
10173
11564
11372
6886
11343
7533
10186
7687
7729
9497
11369
11636
9687
11640
8771
6999
11683
11454
11347
6983
6868
9379
10701
9592
8399
10474
8354
11773
7526
11540
11474
6766
9770
9566
7823
6693
11858
7600
7890
9513
11677
9364
11400
10538
7799
7780
9349
9756
9569
9207
9261
11428
11582
11387
11348
6857
10584
11514
11557
9206
7119
9686
9134
11676
10222
11670
8083
9653
9604
6839
10583
11725
11504
9585
11374
9726
11669
11755
11345
11720
9660
11871
9769
7746
11533
10960
11485
9630
11426
11729
11466
7981
9708
11630
10613
9343
11917
11673
10547
9629
11368
9626
11444
7141
11832
7731
9560
11543
10085
11850
7993
10618
7711
13041
10168
11410
7978
8599
11393
11419
10244
9539
11654
10579
12262
11425
9568
9499
11492
11848
11546
11538
10623
7821
11376
10607
11445
9483
11434
13023
8063
7557
9446
8197
7140
8183
9251
7837
7747
10656
11824
10624
6899
11433
8097
10183
9094
9571
4113
11349
12879
9591
8044
10544
10549
11911
8424
11437
9184
11362
9839
11429
11719
8115
11355
11782
8125
10557
12975
8470
11872
11938
7337
11342
10157
11359
11469
8029
11353
8024
10622
10235
9652
6473
11580
11604
10703
10215
9510
10226
11406
9257
8502
9577
10582
4114
9494
9227
11515
9678
11886
9667
9220
11570
10227
9711
10510
4064
9509
9884
8090
7948
10620
11706
9285
9126
9658
10210
9325
9704
11548
9164
7926
10201
11462
8381
12252
11397
11378
10705
11364
11653
6858
9469
12310
9520
9536
7871
11675
11341
7803
9326
11357
11830
11384
10611
7814
11788
11777
8983
11641
9613
9690
11690
8080
11385
9584
11671
9692
6536
7908
11609
11780
5199
8893
10680
10508
7665
8195
4566
6900
11373
7979
8897
8557
8198
9997
11629
7732
10590
11340
8611
9402
11734
11577
8885
9196
11534
9587
11530
11398
7590
11399
11525
13146
10576
11785
10600
9558
11659
9017
7829
9549
11674
10595
11681
11761
10233
11506
11416
9666
5976
8126
9781
11527
8159
11680
11388
11455
4914
10555
11499
11794
11717
10589
7571
4373
11798
8292
9301
3926
11414
10562
6817
10569
10692
10616
7802
8630
9586
9712
8487
11652
5082
9717
10228
11402
10107
11458
11448
9395
9310
10534
11392
11490
11453
6530
11422
7996
8091
9542
11864
11401
8098
9646
9635
8079
9674
11655
9697
10686
11745
9565
7824
11451
10122
9632
9662
9043
10580
11556
8030
9614
8380
7840
11404
10650
9055
9323
11386
8045
11882
9812
7644
10612
9581
11581
10615
11638
10134
10236
4998
10214
11861
9511
9619
12704
8610
6551
9409
11709
6772
8112
11772
9654
10539
10599
4859
10221
9493
9324
12943
8008
6664
9363
10604
9582
11687
6877
9219
9643
11691
8905
11417
7023
11003
4625
9427
8881
10631
11650
9000
11880
8199
11575
11649
10174
7710
11511
12845
11789
9403
11522
11576
11572
10554
11537
9724
11354
11599
11876
9112
11411
7781
11521
11420
11483
11811
7038
9593
8210
8895
9645
10167
9548
10147
7869
7826
9514
11552
7813
10216
8523
9648
10586
11539
10545
9530
8194
11878
9785
11427
9798
9599
11578
11637
11408
10200
9634
10570
9677
9447
11779
10548
9600
11370
10006
11826
9259
6915
4509
10032
9806
11446
11863
7800
11587
11488
11724
7059
7980
11713
9412
11658
9311
9276
7654
9601
11560
11352
10617
11498
10605
11468
9428
11703
9460
9723
8686
11389
8046
11625
10594
7534
11837
5042
10078
11836
9673
11497
10552
9492
10698
10630
11395
9768
11667
11884
9762
9218
8278
8113
9172
11617
9730
11517
3588
11679
9696
8116
7882
8857
9642
9344
10603
10276
10602
6927
10561
9476
9278
11366
11344
12430
11412
10219
11503
9610
8379
9933
3852
11707
9461
10629
8181
11382
11685
8160
9120
9780
7849
9784
10610
9033
10585
6949
9396
11795
10636
11363
8699
10523
11405
9718
11430
10572
9703
8064
9209
7995
11704
11852
9664
11700
9044
11601
11379
11699
7501
9445
10543
5084
7525
9263
11803
10575
8530
9286
11407
11346
11602
11666
7760
9676
10571
9137
11351
9608
9063
11642
9470
10551
11449
11579
11441
7441
10514
9716
10526
11394
11648
7762
11688
7655
11739
6866
7822
11584
11513
9258
9709
6692
11816
9376
9612
11415
9605
9606
8687
10577
11452
11377
11383
7776
9035
11409
8114
11413
11628
8542
9849
7920
8010
9679
10141
8146
3815
11431
10558
8065
10681
8196
11465
10023
11711
6914
11473
7853
8879
11934
9575
11358
10626
9392
9665
11672
9668
11516
9243
9628
11622
11806
11390
8211
9394
11631
5926
11693
11610
6856
11461
9250
11375
9680
9611
8266
8403
10185
9567
9350
8078
11870
11532
9264
7706
11586
10245
4916
7643
10334
8772
9531
9506
10609
9487
10644
13076
11512
10202
9464
7959
6898
8012
8082
10566
11867
11350
11716
9216
8096
11829
9570
9113
11645
11381
11787
6848
9818
6907
10532
11797
10019
10682
9521
11715
11665
10187
11859
8892
11664
9835
10560
8572
11866
11450
11500
10625
11523
7825
11590
10581
10240
8028
9455
10519
10459
9659
7558
9751
9607
10704
11643
11635
11371
7958
10010
6849
9156
9512
9603
11869
9185
9302
11403
10480
11423
11380
9554
6512
11467
11436
11475
10504
8003
8580
7994
11459
4858
4915
7957
8279
10184
9249
9515
9710
11781
6878
10601
11899
7852
11464
9195
9663
10553
10628
10194
10246
Window 8
10161
10502
9655
10550
9260
8484
9598
13995
13784
13991
10146
9194
11660
11726
11418
10234
10456
9351
8904
7955
10917
6543
11591
11367
10249
10460
10621
9540
4759
11365
6591
6498
6933
8355
10632
13880
11356
10759
9826
11424
11507
8128
13996
11742
7243
10709
8144
11686
6592
8506
8554
11396
13977
10697
13622
10154
7927
6984
11682
11360
9165
11627
11732
11391
9541
13513
8889
9375
11438
11421
9477
11502
11510
9727
8081
10635
10573
9217
9691
7676
7956
9559
11651
11657
10241
9034
8009
7174
10627
4162
12341
6829
5083
9456
4421
11432
11439
9342
10239
13169
11594
7858
8011
11712
11656
11493
7892
9479
6934
10999
10217
7374
11893
7763
9032
10257
9139
11759
4997
8169
11558
8639
7761
11562
10542
11555
11684
9378
10606
4712
10256
12981
8043
10593
13939
10536
9576
11634
11603
10509
11661
9484
11361
11435
11877
5735
10173
11564
11372
6886
11343
10186
11369
13966
11636
9687
11640
8771
6999
11683
11454
11347
6983
6868
9379
10701
9592
8399
10474
8354
11773
11540
11474
6766
9770
9566
7823
13772
6693
9131
11858
7600
9513
11677
9364
11400
10538
7799
7780
9349
9756
9569
9207
9261
11428
7709
11582
11387
11348
6857
10584
11514
11557
9206
7119
9686
9134
11676
11670
8083
9653
9604
6839
10583
11725
11504
9585
11374
9726
11669
11755
11345
11720
9660
11871
9769
7746
11533
11485
9630
11426
11729
11466
9708
11630
10613
9343
11917
11673
10547
9629
11368
9626
11444
7141
7731
9560
11543
10085
11850
7993
10618
7711
13041
10168
11410
7978
8599
11393
11419
10244
9539
11654
10579
12262
11425
9568
9499
11492
11848
11546
11538
10623
7821
11376
10607
11445
9483
11434
13023
13986
8063
7557
9446
8197
7140
8183
9251
7837
7747
10656
11824
10624
6899
11433
8097
10183
9094
9571
4113
11349
12879
9591
8044
10544
10549
11911
8424
11437
13947
9184
11362
9839
11429
11719
8115
11355
11782
8125
10557
12975
11872
11938
7337
11342
10157
11359
11469
8029
11353
8024
10622
10235
9652
6473
11580
11604
10703
10215
9510
10226
11406
9257
8502
9577
10582
4114
9494
9227
11515
9678
11886
9667
9220
11570
10227
13740
9711
10510
4064
9509
9884
8090
7948
10620
11706
9285
9126
9658
13895
10210
9325
9704
11548
9164
7926
10201
11462
8381
12252
11397
11378
10705
11364
9469
12310
9520
9536
7871
11675
11341
7803
9326
11357
11830
11384
10611
11788
11777
8983
13948
11641
9613
9690
11690
8080
11385
9584
11671
9692
6536
7908
11609
11780
5199
8893
10680
10508
8195
6900
13676
11373
7979
8897
8557
8198
9997
11629
13519
7732
10590
11340
8611
9402
11734
11577
8885
9196
11534
9587
13619
11530
11398
7590
11399
11525
13146
10576
10600
9558
11659
9017
7829
9549
11674
10595
11681
11761
10233
13971
11506
11416
9666
13964
9781
11527
11680
11388
11455
4914
10555
11499
11794
11717
10589
7571
11798
8292
9301
11414
10562
8515
10569
10692
10616
7802
8630
9586
9712
8487
11652
5082
9717
10228
11402
10107
11458
11448
9395
9310
10534
13906
11392
11490
11453
6530
11422
7996
8091
9542
11864
11401
8098
9646
9635
9674
11655
9697
10686
11745
9565
7824
11451
10122
13981
9632
9662
9043
10580
11556
8030
9614
8380
7840
11404
13976
10650
9055
9323
11386
8045
11882
9812
10612
9581
11581
10615
11638
10134
10236
4998
10214
11861
9511
9619
12704
8610
6551
9409
11709
6772
11772
9654
10539
10599
4859
10221
9493
9324
12943
8008
6664
9363
10604
9582
11687
13930
13658
6877
9219
9643
11691
8905
11417
7023
11003
4625
9427
10631
11650
9000
11880
11575
11649
10174
7710
11511
12845
11789
9403
11522
11576
13946
11572
10554
11537
9724
11354
11599
11876
9112
11411
7781
11521
11420
11483
11811
7038
9593
8210
9645
10167
9548
10147
13901
7869
9514
11552
10216
8523
13716
9648
10586
11539
10545
9530
8194
11878
9785
11427
9798
9599
11578
11637
11408
10200
9634
10570
9677
9447
11779
10548
9600
11370
10006
11826
9259
6915
4509
10032
9806
11446
11863
7800
11587
11488
11724
7059
7980
11713
9412
11658
9311
9276
7654
9601
11560
11352
10617
11498
13997
10605
11468
9428
11703
9460
9723
8686
11389
8046
11625
10594
11837
5042
10078
11836
9673
11497
10552
9492
10698
10630
11395
9768
11667
11884
9762
9218
13633
8278
9172
11617
9730
11517
11679
9696
8116
7882
8857
9642
9344
10603
10276
10602
6927
13987
10561
9476
9278
11366
11344
12430
11412
10219
11503
9610
8379
9933
11707
9461
10629
8181
11382
11685
8160
9120
9780
13758
7849
9784
10610
9033
10585
6949
13705
9396
11795
10636
11363
8699
10523
11405
9718
11430
10572
9703
8064
9209
7995
11704
11852
9664
11700
9044
11601
11379
11699
7501
9445
10543
5084
9263
11803
10575
8530
9286
11407
11346
11602
11666
7760
9676
10571
11351
9608
9063
11642
9470
10551
11449
11579
11441
7441
10514
9716
10526
11394
13909
11648
7762
11688
7655
11739
6866
7822
11584
11513
9258
9709
6692
11816
9376
9612
11415
9605
9606
8687
10577
11452
11377
11383
7776
9035
11409
11413
11628
8542
9849
8010
9679
10141
8146
11431
10558
8065
10681
8196
11465
10023
11711
11473
8879
11934
9575
11358
10626
13681
9392
13594
9665
11672
9668
11516
9243
9628
11622
11806
11390
8211
9394
11631
11693
11610
6856
11461
9250
13799
11375
9680
9611
11678
8266
8403
10185
9567
9350
11870
11532
9264
11586
10245
4916
7643
10334
8772
9531
9506
10609
9487
10644
13076
11512
10202
9464
6898
8012
8082
10566
11350
11716
9216
8096
11829
9570
9113
11645
11381
11787
6848
9818
6907
10532
11797
10019
10682
9521
11715
11665
10187
11859
8892
11664
10560
8572
11866
11450
11500
10625
11523
7825
11590
10581
10240
8028
9455
10519
10459
9659
7558
9751
9607
10704
11643
11635
11371
7958
10010
6849
9156
9512
9603
11869
9185
9302
11403
10480
11423
11380
9554
6512
13951
11467
11436
11475
10504
8580
7994
11459
4858
4915
7957
10184
9249
9515
9710
11781
6878
10601
11899
7852
11464
9195
9663
10553
10628
10194
10246
Window 9
10161
10502
9655
9598
13995
13784
13991
10146
11660
11726
11418
10234
9351
8904
7955
10917
6543
11591
11367
10460
10621
9540
4759
11365
6591
6933
8355
10632
11356
10759
9826
11424
11507
11742
7243
10709
14470
8144
11686
6592
11396
13977
10697
13622
10154
7927
11682
11360
11627
11732
14498
11391
9541
13513
8889
9375
11438
11421
11502
11510
9727
8081
10635
10573
14480
9217
9691
7676
7956
9559
11651
11657
10241
9034
14089
14417
7174
10627
12341
6829
5083
9456
11432
11439
9342
14055
13169
11594
7858
8011
11712
11656
11493
7892
9479
6934
10999
14014
10217
7374
11893
7763
10257
11759
4997
11558
8639
7761
11562
11555
14032
11684
9378
10606
4712
10256
12981
8043
10593
13939
10536
9576
14487
11634
11603
10509
11661
9484
11361
11435
11877
10173
11564
11372
6886
11343
10186
11369
13966
11636
9687
11640
8771
6999
11683
11454
11347
6983
6868
9379
10701
9592
10474
8354
11540
11474
9770
9566
7823
13772
11858
7600
9513
11677
11400
10538
7799
7780
9349
9756
9569
14387
7709
11582
11387
11348
6857
11514
11557
9206
7119
9686
11676
11670
8083
9653
9604
6839
10583
11725
14084
11504
9585
11374
9726
11669
11345
11720
9660
11871
14494
9769
7746
11533
11485
9630
14328
11426
11729
11466
14499
9708
11630
10613
9343
11917
11673
9629
11368
9626
11444
7141
7731
14425
9560
11543
10085
11850
7993
10618
7711
13041
10168
11410
7978
11393
11419
9539
11654
14059
10579
12262
11425
9568
9499
11492
14036
11848
11546
11538
10623
7821
11376
10607
11445
9483
11434
13023
13986
8063
7557
8197
7140
8183
7837
10656
11824
10624
6899
11433
10183
9094
9571
11349
12879
9591
8044
10544
10549
11911
11437
13947
9184
14454
11362
9839
11429
11719
8115
11355
11782
10557
12975
11872
11938
7337
11342
10157
11359
11469
8029
11353
8024
10622
10235
9652
6473
14481
11580
11604
10703
10215
9510
10226
11406
8502
14006
9577
10582
9494
9227
11515
9678
11886
9667
9220
11570
10227
9711
10510
9884
8090
7948
10620
11706
9285
9658
10210
9325
9704
11548
7926
10201
11462
12252
14329
11397
11378
10705
11364
9469
12310
9520
9536
11675
11341
7803
9326
11357
11830
11384
10611
14439
11788
8983
13948
11641
9613
9690
11690
8080
11385
9584
11671
9692
6536
7908
11609
11780
8893
10680
10508
8195
14322
6900
13676
11373
7979
8897
8557
9997
11629
13519
7732
10590
11340
11734
11577
8885
11534
9587
13619
11530
11398
7590
11399
11525
13146
10576
10600
14390
9558
11659
9017
7829
9549
11674
10595
11681
11761
10233
13971
11506
11416
9666
13964
9781
11680
11388
11455
4914
10555
11499
11794
11717
10589
7571
11798
9301
11414
10562
14168
10569
10692
10616
7802
8630
9586
9712
11652
5082
14228
9717
10228
11402
10107
11458
11448
14393
9395
9310
10534
13906
14285
11392
11490
11453
6530
11422
8091
9542
11864
11401
8098
9646
9635
9674
11655
9697
10686
11745
9565
7824
11451
10122
13981
9632
9662
10580
11556
14411
8030
9614
7840
11404
13976
10650
9055
9323
11386
8045
11882
9812
10612
9581
11581
10615
14109
11638
10236
4998
10214
11861
9511
9619
12704
8610
6551
11709
6772
11772
9654
10539
10599
4859
10221
9493
9324
12943
14434
8008
9363
10604
9582
11687
13930
13658
6877
9219
9643
11691
8905
11417
7023
11003
4625
9427
10631
11650
9000
11880
11575
11649
10174
7710
11511
12845
11789
11522
11576
13946
11572
10554
11537
9724
11354
11599
11876
9112
11411
7781
11521
11420
11483
11811
7038
9593
8210
9645
10167
9548
10147
13901
7869
9514
11552
10216
9648
10586
11539
10545
9530
11878
9785
11427
9798
9599
11578
11637
11408
10200
9634
10570
9677
9447
11779
10548
9600
11370
10006
11826
6915
4509
10032
9806
11446
11863
7800
11587
11488
11724
7059
7980
11713
11658
9601
11560
11352
14489
10617
11498
13997
10605
11468
11703
9460
9723
8686
11389
11625
10594
11837
5042
10078
14327
14092
14325
11836
9673
11497
10552
9492
10698
10630
11395
9768
11667
11884
9762
9218
13633
8278
9172
11617
9730
11517
11679
9696
8116
7882
9642
9344
10603
10276
10602
10561
9278
11366
11344
12430
11412
10219
11503
9610
9933
11707
9461
10629
8181
11382
11685
8160
9780
13758
7849
9784
10610
9033
10585
6949
13705
9396
11795
10636
11363
10523
11405
9718
11430
14063
10572
9703
8064
9209
7995
11704
11852
11700
9044
11601
11379
11699
7501
10543
5084
9263
11803
10575
9286
11407
11346
11602
14445
11666
7760
9676
10571
11351
9608
9063
11642
9470
10551
11449
11579
11441
7441
9716
10526
11394
13909
11648
7762
11688
7655
11739
6866
7822
11584
11513
9709
6692
11816
9376
9612
11415
9605
9606
8687
10577
11452
11377
11383
7776
9035
11409
11413
11628
8542
9849
8010
9679
11431
10558
8065
10681
8196
11465
10023
11711
11473
8879
11934
9575
11358
10626
13681
13594
9665
11672
9668
11516
9243
9628
11622
11806
11390
8211
9394
11631
11693
11610
6856
11461
13799
11375
9680
9611
11678
8266
10185
9567
9350
11870
11532
9264
11586
10245
14401
4916
7643
10334
8772
9531
9506
10609
10644
13076
11512
10202
9464
6898
8012
10566
11350
11716
8096
11829
9570
11645
14257
11381
11787
6848
9818
6907
10532
11797
10019
10682
9521
11715
11665
10187
11859
8892
11664
10560
11866
11450
11500
10625
11523
11590
10581
10240
8028
10519
14062
10459
9659
7558
9751
9607
10704
11643
11635
11371
7958
10010
6849
9156
9512
11869
9185
9302
14495
11403
10480
11423
11380
9554
14022
14382
6512
13951
11467
11436
11475
10504
11459
4858
4915
7957
10184
9515
9710
11781
6878
10601
11899
7852
11464
9663
10553
10628
10194
10246
